1 40
2 40
3 43
4 43
5 43
6 43
7 43
8 44
9 45
10 45
11 45
12 46
13 47
14 47
15 47
16 48
17 48
18 48
19 49
20 50
21 50
22 50
23 50
24 50
25 50
26 50
27 50
28 50
29 50
30 50
31 50
32 50
33 50
34 50
35 50
36 50
37 50
38 50
39 50
40 50
41 50
42 50
43 50
44 50
45 50
46 50
47 50
48 50
49 50
50 50
51 50
52 50
53 50
54 50
55 50
56 50
57 50
58 50
59 50
60 50
61 50
62 50
63 50
64 50
65 50
66 50
67 50
68 50
69 50
70 50
71 50
72 50
73 50
74 50
75 50
76 50
77 50
78 50
79 50
80 50
81 50
82 50
83 50
84 50
85 50
86 50
87 50
88 50
89 50
90 51
91 51
92 53
93 54
94 55
95 55
96 55
97 57
98 59
99 59
100 59
101 59
102 59
103 59
104 59
105 59
106 59
107 59
108 59
109 59
110 59
111 59
112 59
113 59
114 59
115 59
116 59
117 59
118 59
119 59
120 59
121 59
122 59
123 59
124 59
125 59
126 59
127 59
128 59
129 59
130 59
131 59
132 59
133 59
134 59
135 59
136 59
137 59
138 59
139 59
140 59
141 59
142 59
143 59
144 59
145 59
146 59
147 59
148 59
149 59
150 59
151 59
152 59
153 59
154 59
155 59
156 59
157 59
158 59
159 59
160 59
161 59
162 59
163 59
164 59
165 59
166 59
167 59
168 59
169 59
170 59
171 59
172 59
173 59
174 59
175 59
176 59
177 59
178 59
179 59
180 59
181 59
182 59
183 59
184 59
185 59
186 59
187 59
188 59
189 59
190 59
191 59
192 59
193 59
194 59
195 59
196 59
197 59
198 59
199 59
200 59
201 59
202 59
203 59
204 59
205 59
206 59
207 59
208 59
209 59
210 59
211 59
212 59
213 59
214 59
215 59
216 59
217 59
218 59
219 59
220 59
221 59
222 59
223 59
224 59
225 59
226 59
227 59
228 59
229 59
230 59
231 59
232 59
233 59
234 59
235 59
236 59
237 59
238 59
239 59
240 59
241 59
242 59
243 59
244 59
245 59
246 59
247 59
248 59
249 59
250 59
251 59
252 59
253 59
254 59
255 59
256 59
257 59
258 59
259 59
260 59
261 59
262 59
263 59
264 59
265 59
266 59
267 59
268 59
269 59
270 59
271 59
272 59
273 59
274 59
275 59
276 59
277 59
278 59
279 59
280 59
281 59
282 59
283 59
284 59
285 59
286 59
287 59
288 59
289 59
290 59
291 59
292 59
293 59
294 59
295 59
296 59
297 59
298 59
299 59
300 59
301 59
302 59
303 59
304 59
305 59
306 59
307 59
308 59
309 59
310 59
311 59
312 59
313 59
314 59
315 59
316 59
317 59
318 59
319 59
320 59
321 59
322 59
323 59
324 59
325 59
326 59
327 59
328 59
329 59
330 59
331 59
332 59
333 59
334 59
335 59
336 59
337 59
338 59
339 59
340 59
341 59
342 59
343 59
344 59
345 59
346 59
347 59
348 59
349 59
350 59
351 59
352 59
353 59
354 59
355 59
356 59
357 59
358 59
359 59
360 59
361 59
362 59
363 59
364 59
365 59
366 59
367 59
368 59
369 59
370 59
371 59
372 59
373 59
374 59
375 59
376 59
377 59
378 59
379 59
380 59
381 59
382 59
383 59
384 59
385 59
386 59
387 59
388 59
389 59
390 59
391 59
392 59
393 59
394 59
395 59
396 59
397 59
398 59
399 59
400 59
401 59
402 59
403 59
404 59
405 59
406 59
407 59
408 59
409 59
410 59
411 59
412 60
413 60
414 60
415 63
416 63
417 63
418 63
419 63
420 63
421 63
422 63
423 63
424 63
425 63
426 63
427 63
428 63
429 63
430 63
431 63
432 63
433 63
434 63
435 63
436 63
437 63
438 63
439 63
440 63
441 63
442 63
443 63
444 63
445 63
446 63
447 63
448 63
449 63
450 63
451 63
452 63
453 63
454 63
455 63
456 63
457 63
458 63
459 63
460 63
461 63
462 63
463 63
464 63
465 63
466 63
467 63
468 63
469 63
470 63
471 63
472 63
473 63
474 63
475 63
476 63
477 63
478 63
479 63
480 63
481 63
482 63
483 63
484 63
485 64
486 64
487 64
488 65
489 65
490 66
491 66
492 66
493 66
494 66
495 66
496 66
497 66
498 66
499 66
500 66
501 66
502 66
503 66
504 66
505 66
506 66
507 66
508 66
509 66
510 66
511 66
512 66
513 66
514 66
515 67
516 68
517 69
518 70
519 70
520 70
521 70
522 70
523 70
524 71
525 71
526 71
527 71
528 72
529 72
530 73
531 73
532 73
533 73
534 73
535 73
536 73
537 73
538 73
539 73
540 73
541 74
542 75
543 75
544 75
545 75
546 75
547 76
548 77
549 77
550 77
551 77
552 77
553 77
554 77
555 78
556 78
557 78
558 78
559 78
560 78
561 78
562 78
563 79
564 79
565 79
566 80
567 80
568 80
569 80
570 80
571 80
572 80
573 80
574 80
575 82
576 82
577 82
578 82
579 82
580 82
581 82
582 82
583 82
584 82
585 82
586 82
587 84
588 84
589 84
590 84
591 84
592 84
593 84
594 84
595 84
596 85
597 85
598 85
599 85
600 85
601 87
602 87
603 87
604 87
605 87
606 87
607 87
608 87
609 87
610 87
611 90
612 90
613 90
614 90
615 90
616 90
617 90
618 90
619 90
620 90
621 90
622 90
623 90
624 90
625 90
626 90
627 90
628 90
629 90
630 90
631 90
632 90
633 90
634 91
635 91
636 91
637 91
638 91
639 91
640 91
641 91
642 91
643 91
644 91
645 91
646 91
647 91
648 91
649 91
650 91
651 91
652 91
653 91
654 91
655 91
656 91
657 91
658 91
659 91
660 91
661 92
662 92
663 92
664 92
665 92
666 92
667 92
668 92
669 92
670 92
671 92
672 92
673 92
674 92
675 92
676 92
677 92
678 92
679 92
680 92
681 92
682 92
683 92
684 92
685 92
686 92
687 92
688 92
689 92
690 92
691 92
692 92
693 93
694 93
695 93
696 93
697 93
698 93
699 93
700 93
701 93
702 93
703 93
704 93
705 93
706 93
707 93
708 93
709 93
710 93
711 93
712 93
713 93
714 93
715 93
716 93
717 93
718 93
719 93
720 93
721 93
722 93
723 93
724 93
725 93
726 93
727 93
728 93
729 93
730 93
731 93
732 93
733 93
734 93
735 93
736 93
737 93
738 93
739 93
740 93
741 93
742 93
743 93
744 93
745 93
746 95
747 95
748 95
749 95
750 95
751 95
752 95
753 95
754 95
755 95
756 95
757 95
758 95
759 95
760 95
761 95
762 95
763 95
764 95
765 95
766 95
767 95
768 95
769 95
770 95
771 95
772 95
773 95
774 95
775 95
776 95
777 96
778 96
779 96
780 96
781 96
782 96
783 96
784 96
785 96
786 96
787 96
788 96
789 96
790 96
791 96
792 96
793 96
794 96
795 96
796 96
797 96
798 96
799 96
800 96
801 96
802 96
803 96
804 96
805 96
806 96
807 96
808 96
809 96
810 96
811 96
812 96
813 96
814 96
815 96
816 96
817 96
818 96
819 96
820 96
821 96
822 96
823 96
824 96
825 96
826 96
827 96
828 96
829 96
830 96
831 96
832 96
833 96
834 96
835 96
836 96
837 96
838 96
839 96
840 96
841 96
842 96
843 96
844 96
845 96
846 96
847 96
848 96
849 96
850 96
851 96
852 96
853 96
854 96
855 96
856 96
857 97
858 97
859 97
860 97
861 97
862 97
863 97
864 97
865 97
866 97
867 97
868 97
869 97
870 97
871 97
872 97
873 97
874 97
875 97
876 97
877 97
878 97
879 97
880 97
881 97
882 97
883 97
884 97
885 97
886 97
887 97
888 97
889 97
890 98
891 98
892 98
893 98
894 98
895 98
896 98
897 98
898 98
899 98
900 98
901 98
902 98
903 98
904 98
905 98
906 98
907 98
908 98
909 98
910 98
911 98
912 98
913 98
914 98
915 98
916 98
917 98
918 98
919 98
920 98
921 98
922 98
923 98
924 98
925 98
926 98
927 98
928 98
929 98
930 98
931 98
932 98
933 98
934 98
935 98
936 98
937 98
938 98
939 98
940 98
941 98
942 98
943 98
944 98
945 98
946 98
947 98
948 98
949 98
950 98
951 98
952 98
953 98
954 98
955 98
956 98
957 98
958 98
959 98
960 98
961 98
962 98
963 98
964 98
965 98
966 98
967 98
968 98
969 98
970 98
971 98
972 98
973 98
974 98
975 98
976 98
977 98
978 98
979 98
980 98
981 98
982 98
983 98
984 98
985 98
986 98
987 98
988 98
989 98
990 98
991 98
992 98
993 98
994 98
995 98
996 98
997 98
998 98
999 98
1000 98
