1 50.1667
2 50.6
3 51.1333
4 51.3333
5 51.5333
6 51.7
7 51.9333
8 52.2333
9 52.4
10 52.6667
11 52.8667
12 53.0333
13 53.2
14 53.2667
15 53.3333
16 53.4333
17 53.5
18 53.5667
19 53.7667
20 53.9667
21 54.1333
22 54.2333
23 54.4333
24 54.6
25 54.7333
26 54.8333
27 54.9333
28 54.9667
29 55.0667
30 55.1333
31 55.2
32 55.2333
33 55.3
34 55.3667
35 55.4333
36 55.5
37 55.5667
38 55.5667
39 55.6
40 55.6333
41 55.6333
42 55.6667
43 55.7333
44 55.7667
45 55.8
46 55.9
47 56
48 56.0333
49 56.0333
50 56.1
51 56.2
52 56.2333
53 56.2667
54 56.3
55 56.4
56 56.5333
57 56.5667
58 56.6
59 56.7
60 56.8
61 56.8333
62 56.8667
63 56.8667
64 56.8667
65 56.9333
66 57.0333
67 57.0333
68 57.1
69 57.1333
70 57.1333
71 57.2
72 57.2333
73 57.2333
74 57.2333
75 57.2333
76 57.2333
77 57.2667
78 57.4
79 57.4333
80 57.5333
81 57.5667
82 57.6
83 57.6333
84 57.6333
85 57.6333
86 57.6333
87 57.6333
88 57.7
89 57.7333
90 57.9333
91 58
92 58.1667
93 58.2
94 58.3
95 58.3333
96 58.3667
97 58.4333
98 58.5
99 58.5
100 58.5
101 58.5
102 58.5
103 58.5
104 58.5333
105 58.5667
106 58.6
107 58.7
108 58.7333
109 58.7667
110 58.7667
111 58.7667
112 58.7667
113 58.8667
114 58.8667
115 58.8667
116 58.8667
117 58.8667
118 58.8667
119 58.9
120 58.9
121 58.9333
122 58.9333
123 58.9333
124 58.9333
125 58.9333
126 58.9667
127 58.9667
128 59
129 59.0333
130 59.0333
131 59.1
132 59.1333
133 59.1333
134 59.1333
135 59.1667
136 59.1667
137 59.2
138 59.2333
139 59.2667
140 59.2667
141 59.3
142 59.3
143 59.3333
144 59.4
145 59.4333
146 59.4667
147 59.5
148 59.5
149 59.5
150 59.5333
151 59.5333
152 59.5333
153 59.5333
154 59.5333
155 59.5333
156 59.5333
157 59.5667
158 59.6
159 59.6
160 59.6333
161 59.6667
162 59.6667
163 59.6667
164 59.6667
165 59.7
166 59.7333
167 59.7667
168 59.7667
169 59.7667
170 59.7667
171 59.7667
172 59.7667
173 59.7667
174 59.7667
175 59.7667
176 59.7667
177 59.8
178 59.8667
179 59.8667
180 59.9
181 59.9
182 59.9
183 59.9
184 60
185 60.0333
186 60.1
187 60.1
188 60.1
189 60.1
190 60.1
191 60.1
192 60.1
193 60.1333
194 60.1667
195 60.1667
196 60.1667
197 60.1667
198 60.1667
199 60.1667
200 60.1667
201 60.2333
202 60.2333
203 60.2333
204 60.2333
205 60.2333
206 60.2333
207 60.2333
208 60.2333
209 60.2333
210 60.2333
211 60.2333
212 60.2333
213 60.2333
214 60.2333
215 60.2333
216 60.2333
217 60.2333
218 60.2333
219 60.2333
220 60.2333
221 60.2333
222 60.2333
223 60.2333
224 60.2333
225 60.2333
226 60.2333
227 60.2333
228 60.2333
229 60.2333
230 60.2333
231 60.2333
232 60.2333
233 60.2333
234 60.2333
235 60.2333
236 60.2333
237 60.2333
238 60.2333
239 60.2333
240 60.2333
241 60.2333
242 60.2333
243 60.2333
244 60.2333
245 60.2333
246 60.2333
247 60.2333
248 60.2333
249 60.2667
250 60.2667
251 60.2667
252 60.2667
253 60.2667
254 60.3333
255 60.3333
256 60.3333
257 60.3333
258 60.3667
259 60.4
260 60.4
261 60.4667
262 60.4667
263 60.5
264 60.5
265 60.5333
266 60.5333
267 60.5333
268 60.5333
269 60.6
270 60.8
271 60.8
272 60.8
273 60.8333
274 60.8667
275 60.9
276 60.9667
277 61.0333
278 61.0333
279 61.0333
280 61.0333
281 61.0333
282 61.0333
283 61.0667
284 61.0667
285 61.0667
286 61.0667
287 61.0667
288 61.0667
289 61.0667
290 61.0667
291 61.0667
292 61.0667
293 61.0667
294 61.0667
295 61.0667
296 61.1
297 61.1667
298 61.1667
299 61.1667
300 61.1667
301 61.1667
302 61.1667
303 61.1667
304 61.1667
305 61.1667
306 61.1667
307 61.1667
308 61.1667
309 61.1667
310 61.1667
311 61.1667
312 61.1667
313 61.2333
314 61.2333
315 61.3333
316 61.3333
317 61.3667
318 61.4
319 61.4333
320 61.4333
321 61.4333
322 61.4333
323 61.4333
324 61.4333
325 61.4333
326 61.4333
327 61.4333
328 61.4333
329 61.4333
330 61.4333
331 61.4333
332 61.4333
333 61.4333
334 61.4333
335 61.4333
336 61.4333
337 61.4333
338 61.4333
339 61.4333
340 61.4333
341 61.4333
342 61.4333
343 61.4333
344 61.4333
345 61.4667
346 61.4667
347 61.4667
348 61.4667
349 61.4667
350 61.4667
351 61.4667
352 61.5
353 61.5
354 61.5
355 61.5
356 61.5
357 61.5
358 61.5
359 61.5
360 61.5
361 61.5
362 61.5
363 61.5
364 61.5
365 61.5
366 61.5
367 61.5
368 61.5
369 61.5
370 61.5
371 61.5
372 61.5667
373 61.6
374 61.6
375 61.6
376 61.6
377 61.6
378 61.6333
379 61.6333
380 61.6333
381 61.6333
382 61.6333
383 61.6333
384 61.6667
385 61.6667
386 61.7
387 61.7
388 61.7
389 61.7
390 61.7333
391 61.8
392 61.8
393 61.8
394 61.8
395 61.8
396 61.8333
397 61.8333
398 61.8333
399 61.8333
400 61.8333
401 61.8333
402 61.8333
403 61.8333
404 61.8333
405 61.8333
406 61.8333
407 61.8333
408 61.8333
409 61.8333
410 61.8667
411 61.8667
412 61.9
413 61.9333
414 61.9333
415 62.0667
416 62.0667
417 62.1
418 62.1
419 62.1333
420 62.1333
421 62.1333
422 62.2
423 62.2
424 62.2
425 62.2333
426 62.2667
427 62.2667
428 62.3
429 62.3
430 62.3
431 62.3
432 62.3
433 62.3667
434 62.3667
435 62.3667
436 62.3667
437 62.3667
438 62.3667
439 62.3667
440 62.4
441 62.4
442 62.4667
443 62.4667
444 62.5
445 62.5
446 62.5333
447 62.6
448 62.6667
449 62.6667
450 62.7667
451 62.7667
452 62.7667
453 62.8
454 62.9
455 62.9333
456 63.0333
457 63.1667
458 63.1667
459 63.2667
460 63.2667
461 63.3333
462 63.4667
463 63.4667
464 63.4667
465 63.4667
466 63.5
467 63.5667
468 63.6667
469 63.7
470 63.7333
471 63.7667
472 63.8
473 63.9
474 63.9667
475 64.0333
476 64.0667
477 64.1
478 64.2667
479 64.3333
480 64.4667
481 64.5333
482 64.7
483 64.7667
484 64.8333
485 64.9667
486 65.1
487 65.2
488 65.4667
489 65.8
490 66.0333
491 66.1667
492 66.3667
493 66.5333
494 66.6333
495 66.7667
496 66.8
497 66.8667
498 67.0667
499 67.2333
500 67.4
501 67.6
502 67.8
503 67.8667
504 67.9333
505 68.1333
506 68.3
507 68.3333
508 68.5667
509 68.6
510 68.8333
511 69
512 69.1333
513 69.2333
514 69.4
515 69.5333
516 69.6333
517 69.7333
518 69.8
519 69.8667
520 70.1333
521 70.2
522 70.3667
523 70.6333
524 70.8
525 70.8667
526 71.1333
527 71.4
528 71.5
529 71.7
530 71.9
531 71.9333
532 72.1
533 72.3333
534 72.5333
535 72.7667
536 72.9333
537 73.1667
538 73.2667
539 73.3333
540 73.4333
541 73.6667
542 73.8
543 73.9333
544 74.0667
545 74.3333
546 74.3333
547 74.5333
548 74.6667
549 74.7
550 74.7667
551 75.0333
552 75.2
553 75.4333
554 75.6333
555 75.7
556 75.7667
557 76.0333
558 76.1
559 76.2
560 76.2333
561 76.4
562 76.4667
563 76.6333
564 76.8333
565 77
566 77.1667
567 77.2333
568 77.3
569 77.4667
570 77.6667
571 77.7667
572 77.9667
573 78
574 78.2333
575 78.4333
576 78.6333
577 78.7333
578 78.8
579 79.0667
580 79.1667
581 79.3
582 79.4667
583 79.5667
584 79.6333
585 79.7667
586 79.8333
587 79.9333
588 80.1
589 80.2667
590 80.3333
591 80.5333
592 80.5667
593 80.7
594 80.8667
595 81.0333
596 81.1667
597 81.3667
598 81.5333
599 81.6333
600 81.8333
601 82.0333
602 82.3333
603 82.4667
604 82.6
605 82.7667
606 82.9
607 82.9667
608 83.0333
609 83.1667
610 83.3333
611 83.5667
612 83.6333
613 83.7
614 83.8333
615 84.0333
616 84.1667
617 84.3333
618 84.4
619 84.4667
620 84.4667
621 84.5333
622 84.6
623 84.7
624 84.8333
625 84.8333
626 85.0333
627 85.0333
628 85.1
629 85.1667
630 85.3
631 85.3333
632 85.4
633 85.5667
634 85.7
635 85.7333
636 85.9667
637 86
638 86.0667
639 86.1667
640 86.2333
641 86.3
642 86.4
643 86.4333
644 86.4667
645 86.6333
646 86.7
647 86.7667
648 86.8
649 86.8
650 86.8
651 86.9
652 86.9333
653 87.0333
654 87.0667
655 87.0667
656 87.1333
657 87.2333
658 87.3333
659 87.4333
660 87.5333
661 87.6333
662 87.6333
663 87.7333
664 87.8333
665 87.8333
666 87.9667
667 88.0667
668 88.1
669 88.2
670 88.2
671 88.2667
672 88.3667
673 88.4667
674 88.5333
675 88.5667
676 88.5667
677 88.6333
678 88.6333
679 88.6667
680 88.6667
681 88.7
682 88.8
683 88.8
684 88.8667
685 88.9667
686 89.0333
687 89.1333
688 89.1667
689 89.1667
690 89.2
691 89.2
692 89.2
693 89.3
694 89.3
695 89.4
696 89.4667
697 89.4667
698 89.5
699 89.5
700 89.5667
701 89.6
702 89.6667
703 89.7
704 89.7667
705 89.8
706 89.9333
707 90.0333
708 90.0667
709 90.2333
710 90.3
711 90.4333
712 90.4333
713 90.4333
714 90.4667
715 90.5
716 90.5667
717 90.6667
718 90.7333
719 90.8333
720 90.8667
721 90.8667
722 90.9
723 90.9333
724 91
725 91
726 91.1
727 91.1667
728 91.2333
729 91.2667
730 91.3
731 91.3
732 91.3667
733 91.3667
734 91.3667
735 91.4
736 91.5667
737 91.5667
738 91.6
739 91.6333
740 91.6333
741 91.6667
742 91.7667
743 91.7667
744 91.7667
745 91.8333
746 91.9
747 92.0333
748 92.0667
749 92.0667
750 92.1667
751 92.1667
752 92.1667
753 92.2
754 92.2
755 92.2667
756 92.2667
757 92.2667
758 92.2667
759 92.2667
760 92.2667
761 92.2667
762 92.3
763 92.3667
764 92.4
765 92.4333
766 92.4333
767 92.4667
768 92.5333
769 92.5667
770 92.6333
771 92.7
772 92.7333
773 92.7333
774 92.7333
775 92.7667
776 92.7667
777 92.8
778 92.8667
779 92.8667
780 92.9
781 92.9
782 92.9
783 92.9
784 92.9
785 92.9
786 92.9
787 92.9
788 92.9
789 92.9333
790 92.9333
791 92.9333
792 92.9667
793 93
794 93
795 93
796 93.0333
797 93.0667
798 93.2
799 93.2
800 93.2
801 93.2
802 93.2333
803 93.2333
804 93.2333
805 93.3
806 93.3
807 93.3333
808 93.3667
809 93.4
810 93.4667
811 93.4667
812 93.4667
813 93.5
814 93.5333
815 93.5667
816 93.6
817 93.6333
818 93.6667
819 93.7333
820 93.7667
821 93.8333
822 93.8667
823 93.9
824 93.9
825 93.9
826 93.9333
827 93.9667
828 93.9667
829 94.0667
830 94.0667
831 94.1
832 94.1333
833 94.1333
834 94.1333
835 94.1667
836 94.1667
837 94.1667
838 94.1667
839 94.1667
840 94.1667
841 94.2333
842 94.3
843 94.3
844 94.3
845 94.3
846 94.3333
847 94.3667
848 94.3667
849 94.3667
850 94.4
851 94.4
852 94.4
853 94.4
854 94.4333
855 94.4333
856 94.4667
857 94.5
858 94.5333
859 94.5333
860 94.5333
861 94.5333
862 94.5667
863 94.5667
864 94.6
865 94.6333
866 94.6333
867 94.6333
868 94.6667
869 94.6667
870 94.6667
871 94.7
872 94.7
873 94.7
874 94.7333
875 94.7333
876 94.7333
877 94.7333
878 94.7333
879 94.7333
880 94.7333
881 94.7333
882 94.7333
883 94.8
884 94.8333
885 94.8333
886 94.9
887 94.9
888 94.9
889 95
890 95.0333
891 95.0333
892 95.0667
893 95.1
894 95.1
895 95.1
896 95.1
897 95.1667
898 95.1667
899 95.1667
900 95.2
901 95.2
902 95.2
903 95.2667
904 95.2667
905 95.3333
906 95.3333
907 95.3333
908 95.3333
909 95.4
910 95.4
911 95.4
912 95.4333
913 95.4333
914 95.4667
915 95.5
916 95.5
917 95.5333
918 95.5333
919 95.5667
920 95.6
921 95.6
922 95.6
923 95.7
924 95.7
925 95.7333
926 95.7333
927 95.7333
928 95.8
929 95.8
930 95.8
931 95.8
932 95.8
933 95.8
934 95.8
935 95.8333
936 95.9
937 95.9
938 95.9333
939 96
940 96
941 96
942 96.0333
943 96.0333
944 96.0333
945 96.0667
946 96.0667
947 96.1
948 96.1
949 96.1
950 96.1333
951 96.1333
952 96.1333
953 96.2
954 96.2
955 96.2
956 96.2333
957 96.2333
958 96.2333
959 96.2333
960 96.2333
961 96.2667
962 96.3667
963 96.4
964 96.4
965 96.4
966 96.4667
967 96.4667
968 96.5
969 96.5333
970 96.5667
971 96.5667
972 96.5667
973 96.5667
974 96.5667
975 96.6
976 96.6
977 96.6
978 96.6
979 96.6
980 96.6
981 96.6
982 96.6
983 96.6
984 96.6333
985 96.6333
986 96.6333
987 96.6667
988 96.6667
989 96.6667
990 96.6667
991 96.7
992 96.7
993 96.7
994 96.7
995 96.7333
996 96.7667
997 96.7667
998 96.8
999 96.8333
1000 96.8333
