1 45
2 45
3 47
4 47
5 47
6 47
7 49
8 52
9 53
10 54
11 54
12 54
13 54
14 54
15 54
16 54
17 54
18 54
19 54
20 54
21 54
22 54
23 54
24 54
25 54
26 54
27 54
28 54
29 54
30 54
31 54
32 54
33 55
34 56
35 56
36 56
37 56
38 56
39 56
40 56
41 56
42 56
43 56
44 56
45 56
46 56
47 56
48 56
49 56
50 56
51 56
52 56
53 56
54 56
55 56
56 56
57 56
58 56
59 56
60 56
61 56
62 56
63 56
64 56
65 57
66 57
67 57
68 59
69 59
70 59
71 59
72 59
73 59
74 59
75 59
76 59
77 59
78 59
79 59
80 59
81 59
82 59
83 59
84 59
85 59
86 59
87 59
88 59
89 59
90 59
91 59
92 59
93 59
94 59
95 59
96 59
97 59
98 59
99 59
100 59
101 59
102 59
103 59
104 59
105 59
106 59
107 59
108 59
109 59
110 59
111 59
112 59
113 59
114 59
115 59
116 59
117 59
118 59
119 59
120 59
121 59
122 59
123 59
124 59
125 59
126 59
127 59
128 59
129 59
130 59
131 59
132 59
133 59
134 59
135 59
136 59
137 59
138 59
139 59
140 59
141 59
142 59
143 59
144 59
145 59
146 59
147 59
148 59
149 59
150 59
151 59
152 59
153 59
154 59
155 59
156 59
157 59
158 59
159 59
160 59
161 59
162 59
163 59
164 59
165 59
166 59
167 59
168 59
169 59
170 59
171 59
172 59
173 59
174 59
175 59
176 59
177 59
178 59
179 59
180 59
181 59
182 59
183 59
184 59
185 59
186 59
187 59
188 59
189 59
190 59
191 59
192 59
193 59
194 59
195 59
196 59
197 59
198 59
199 59
200 59
201 59
202 59
203 59
204 59
205 59
206 59
207 59
208 59
209 59
210 59
211 59
212 59
213 59
214 59
215 59
216 59
217 59
218 59
219 59
220 59
221 59
222 59
223 59
224 59
225 59
226 59
227 59
228 59
229 59
230 59
231 59
232 59
233 59
234 59
235 59
236 59
237 59
238 59
239 59
240 59
241 59
242 59
243 59
244 59
245 59
246 59
247 59
248 59
249 59
250 59
251 59
252 59
253 59
254 59
255 59
256 59
257 59
258 59
259 59
260 59
261 59
262 59
263 59
264 59
265 59
266 59
267 59
268 59
269 59
270 59
271 59
272 59
273 59
274 59
275 59
276 59
277 59
278 59
279 59
280 59
281 59
282 59
283 59
284 59
285 59
286 59
287 59
288 59
289 59
290 59
291 59
292 59
293 59
294 59
295 59
296 59
297 59
298 59
299 59
300 59
301 59
302 59
303 59
304 59
305 59
306 59
307 59
308 59
309 59
310 59
311 59
312 59
313 59
314 59
315 59
316 59
317 59
318 59
319 59
320 59
321 59
322 59
323 59
324 59
325 59
326 59
327 59
328 59
329 59
330 59
331 59
332 59
333 59
334 59
335 59
336 59
337 59
338 59
339 59
340 59
341 59
342 59
343 59
344 59
345 59
346 59
347 59
348 59
349 59
350 59
351 59
352 59
353 59
354 59
355 59
356 59
357 59
358 59
359 59
360 59
361 59
362 59
363 59
364 59
365 59
366 59
367 59
368 59
369 59
370 59
371 59
372 59
373 60
374 60
375 60
376 60
377 60
378 60
379 60
380 60
381 60
382 60
383 60
384 60
385 60
386 60
387 60
388 60
389 60
390 60
391 60
392 60
393 60
394 60
395 60
396 60
397 60
398 60
399 60
400 60
401 60
402 60
403 60
404 60
405 60
406 60
407 60
408 60
409 60
410 60
411 60
412 60
413 60
414 60
415 60
416 60
417 60
418 60
419 60
420 60
421 60
422 60
423 60
424 60
425 60
426 60
427 60
428 60
429 60
430 60
431 60
432 60
433 60
434 60
435 60
436 60
437 60
438 60
439 60
440 60
441 60
442 60
443 60
444 60
445 60
446 60
447 60
448 60
449 60
450 60
451 60
452 60
453 60
454 60
455 60
456 61
457 61
458 61
459 61
460 61
461 61
462 61
463 61
464 61
465 61
466 61
467 61
468 62
469 62
470 62
471 62
472 62
473 62
474 62
475 62
476 62
477 62
478 62
479 62
480 62
481 62
482 62
483 62
484 62
485 62
486 62
487 62
488 62
489 63
490 64
491 65
492 65
493 65
494 65
495 65
496 65
497 65
498 65
499 65
500 67
501 70
502 70
503 70
504 70
505 70
506 70
507 70
508 70
509 70
510 70
511 70
512 70
513 70
514 71
515 72
516 72
517 72
518 72
519 72
520 73
521 73
522 73
523 73
524 73
525 73
526 73
527 73
528 73
529 73
530 73
531 73
532 73
533 73
534 73
535 73
536 73
537 73
538 74
539 74
540 74
541 74
542 74
543 74
544 75
545 75
546 75
547 75
548 76
549 76
550 76
551 76
552 76
553 76
554 77
555 77
556 77
557 78
558 78
559 78
560 78
561 78
562 78
563 78
564 79
565 79
566 79
567 79
568 79
569 79
570 79
571 79
572 79
573 79
574 79
575 79
576 79
577 80
578 81
579 81
580 81
581 82
582 82
583 82
584 82
585 82
586 82
587 82
588 82
589 82
590 82
591 82
592 82
593 82
594 82
595 82
596 82
597 82
598 82
599 82
600 82
601 82
602 82
603 84
604 84
605 84
606 84
607 84
608 84
609 84
610 84
611 84
612 84
613 84
614 84
615 84
616 85
617 85
618 85
619 85
620 85
621 85
622 85
623 85
624 85
625 85
626 85
627 85
628 85
629 86
630 86
631 86
632 86
633 87
634 87
635 87
636 87
637 87
638 88
639 88
640 88
641 88
642 88
643 88
644 88
645 88
646 88
647 88
648 89
649 89
650 89
651 89
652 89
653 89
654 89
655 89
656 89
657 89
658 89
659 89
660 89
661 90
662 90
663 90
664 90
665 90
666 90
667 90
668 90
669 90
670 90
671 91
672 91
673 91
674 91
675 91
676 91
677 91
678 91
679 91
680 91
681 91
682 91
683 91
684 91
685 91
686 91
687 91
688 91
689 91
690 91
691 91
692 91
693 91
694 91
695 91
696 91
697 91
698 91
699 91
700 91
701 91
702 91
703 91
704 91
705 91
706 91
707 91
708 91
709 91
710 91
711 91
712 91
713 91
714 91
715 91
716 92
717 92
718 92
719 92
720 92
721 92
722 92
723 92
724 92
725 92
726 92
727 92
728 92
729 92
730 92
731 92
732 92
733 92
734 92
735 92
736 92
737 92
738 92
739 92
740 92
741 92
742 92
743 92
744 92
745 92
746 92
747 93
748 93
749 93
750 93
751 93
752 93
753 93
754 93
755 93
756 93
757 93
758 93
759 93
760 93
761 93
762 93
763 93
764 93
765 93
766 93
767 93
768 93
769 93
770 94
771 95
772 95
773 95
774 95
775 95
776 95
777 95
778 95
779 95
780 95
781 95
782 95
783 95
784 95
785 95
786 95
787 95
788 95
789 95
790 95
791 95
792 95
793 95
794 95
795 95
796 95
797 95
798 95
799 95
800 95
801 95
802 95
803 95
804 95
805 95
806 95
807 95
808 95
809 95
810 95
811 95
812 95
813 95
814 95
815 95
816 95
817 95
818 95
819 95
820 95
821 95
822 95
823 95
824 95
825 95
826 95
827 95
828 95
829 95
830 95
831 95
832 95
833 95
834 95
835 95
836 95
837 95
838 95
839 95
840 95
841 95
842 95
843 95
844 95
845 95
846 95
847 95
848 95
849 95
850 95
851 95
852 95
853 95
854 95
855 95
856 95
857 95
858 95
859 95
860 95
861 95
862 95
863 95
864 95
865 95
866 95
867 95
868 95
869 95
870 95
871 95
872 95
873 95
874 95
875 95
876 95
877 95
878 95
879 95
880 95
881 95
882 95
883 95
884 96
885 96
886 96
887 96
888 96
889 96
890 96
891 96
892 96
893 96
894 96
895 96
896 96
897 96
898 96
899 96
900 96
901 96
902 96
903 96
904 96
905 96
906 96
907 96
908 96
909 96
910 96
911 96
912 96
913 96
914 96
915 96
916 96
917 96
918 96
919 96
920 96
921 96
922 96
923 96
924 96
925 96
926 96
927 96
928 96
929 96
930 96
931 96
932 96
933 96
934 96
935 96
936 96
937 96
938 96
939 96
940 96
941 96
942 96
943 96
944 96
945 96
946 96
947 96
948 96
949 96
950 97
951 97
952 97
953 97
954 97
955 97
956 97
957 97
958 97
959 97
960 97
961 97
962 97
963 97
964 97
965 97
966 97
967 97
968 97
969 97
970 97
971 97
972 97
973 97
974 97
975 97
976 97
977 97
978 97
979 97
980 97
981 97
982 97
983 97
984 97
985 97
986 97
987 97
988 97
989 97
990 97
991 97
992 97
993 97
994 97
995 97
996 97
997 97
998 97
999 97
1000 97
