1 55
2 55
3 55
4 55
5 55
6 55
7 55
8 55
9 56
10 57
11 57
12 57
13 57
14 57
15 57
16 57
17 58
18 58
19 58
20 58
21 58
22 58
23 58
24 58
25 59
26 61
27 62
28 62
29 63
30 63
31 63
32 63
33 63
34 63
35 63
36 63
37 63
38 63
39 63
40 63
41 63
42 63
43 63
44 63
45 63
46 63
47 63
48 63
49 63
50 63
51 63
52 63
53 63
54 63
55 63
56 63
57 63
58 63
59 63
60 63
61 63
62 63
63 63
64 63
65 63
66 63
67 63
68 63
69 63
70 63
71 63
72 63
73 63
74 63
75 63
76 63
77 63
78 63
79 63
80 63
81 63
82 63
83 63
84 63
85 63
86 63
87 63
88 63
89 63
90 63
91 63
92 63
93 63
94 63
95 63
96 63
97 63
98 63
99 63
100 63
101 63
102 63
103 63
104 63
105 63
106 63
107 63
108 63
109 63
110 63
111 63
112 63
113 63
114 63
115 63
116 63
117 63
118 63
119 63
120 63
121 63
122 63
123 63
124 63
125 63
126 63
127 63
128 63
129 63
130 63
131 63
132 63
133 63
134 63
135 63
136 63
137 63
138 63
139 63
140 63
141 63
142 63
143 63
144 63
145 63
146 63
147 64
148 64
149 64
150 65
151 65
152 65
153 65
154 65
155 65
156 65
157 65
158 65
159 65
160 65
161 65
162 65
163 65
164 65
165 65
166 65
167 65
168 65
169 65
170 65
171 65
172 65
173 65
174 65
175 65
176 65
177 65
178 65
179 65
180 65
181 65
182 65
183 65
184 65
185 65
186 65
187 65
188 65
189 65
190 65
191 65
192 65
193 65
194 65
195 65
196 65
197 65
198 65
199 65
200 65
201 65
202 65
203 65
204 65
205 65
206 65
207 65
208 65
209 65
210 65
211 65
212 65
213 65
214 65
215 65
216 65
217 65
218 65
219 65
220 65
221 65
222 65
223 65
224 65
225 65
226 65
227 65
228 65
229 65
230 65
231 65
232 65
233 65
234 65
235 65
236 65
237 65
238 65
239 65
240 65
241 65
242 65
243 65
244 65
245 65
246 65
247 65
248 65
249 65
250 65
251 65
252 65
253 65
254 65
255 65
256 65
257 65
258 65
259 65
260 65
261 65
262 65
263 65
264 65
265 65
266 65
267 65
268 65
269 65
270 65
271 65
272 65
273 65
274 65
275 65
276 65
277 65
278 65
279 65
280 65
281 65
282 65
283 65
284 65
285 65
286 65
287 65
288 65
289 65
290 65
291 65
292 65
293 65
294 65
295 65
296 65
297 65
298 65
299 65
300 65
301 65
302 65
303 65
304 65
305 65
306 65
307 65
308 65
309 65
310 65
311 65
312 65
313 65
314 65
315 65
316 65
317 65
318 65
319 65
320 65
321 65
322 65
323 65
324 65
325 65
326 65
327 65
328 65
329 65
330 65
331 65
332 65
333 65
334 65
335 65
336 65
337 65
338 65
339 65
340 65
341 65
342 65
343 65
344 65
345 65
346 65
347 65
348 65
349 65
350 65
351 65
352 65
353 65
354 65
355 65
356 65
357 65
358 65
359 65
360 65
361 65
362 65
363 65
364 65
365 65
366 65
367 65
368 65
369 65
370 65
371 65
372 65
373 65
374 65
375 65
376 65
377 65
378 65
379 65
380 65
381 65
382 65
383 65
384 65
385 65
386 65
387 65
388 65
389 65
390 65
391 65
392 65
393 65
394 65
395 65
396 65
397 65
398 65
399 65
400 65
401 65
402 65
403 65
404 65
405 65
406 65
407 65
408 65
409 65
410 65
411 65
412 65
413 65
414 65
415 65
416 65
417 65
418 65
419 65
420 65
421 65
422 65
423 65
424 65
425 65
426 65
427 65
428 65
429 65
430 65
431 65
432 65
433 65
434 65
435 65
436 65
437 65
438 65
439 65
440 65
441 65
442 65
443 65
444 65
445 65
446 65
447 65
448 65
449 65
450 65
451 65
452 65
453 65
454 65
455 65
456 65
457 65
458 65
459 65
460 65
461 65
462 65
463 65
464 65
465 65
466 65
467 65
468 65
469 65
470 65
471 65
472 65
473 65
474 65
475 65
476 65
477 65
478 65
479 65
480 65
481 65
482 65
483 65
484 65
485 65
486 65
487 65
488 65
489 65
490 65
491 65
492 65
493 65
494 65
495 65
496 65
497 65
498 65
499 65
500 65
501 65
502 65
503 65
504 65
505 65
506 66
507 66
508 67
509 67
510 67
511 67
512 67
513 67
514 67
515 68
516 69
517 70
518 70
519 70
520 70
521 70
522 70
523 70
524 71
525 72
526 73
527 75
528 75
529 75
530 75
531 75
532 75
533 75
534 75
535 75
536 75
537 75
538 75
539 75
540 75
541 75
542 75
543 75
544 75
545 75
546 75
547 75
548 75
549 75
550 75
551 75
552 75
553 75
554 75
555 75
556 75
557 75
558 75
559 75
560 75
561 75
562 75
563 75
564 75
565 75
566 75
567 75
568 75
569 75
570 75
571 75
572 75
573 75
574 75
575 75
576 75
577 75
578 75
579 75
580 75
581 75
582 75
583 75
584 75
585 75
586 75
587 75
588 75
589 75
590 75
591 75
592 75
593 75
594 76
595 77
596 77
597 78
598 78
599 78
600 78
601 78
602 78
603 78
604 78
605 79
606 79
607 80
608 80
609 80
610 80
611 80
612 80
613 80
614 81
615 81
616 81
617 82
618 82
619 82
620 82
621 82
622 82
623 82
624 82
625 82
626 82
627 82
628 82
629 82
630 82
631 82
632 82
633 82
634 82
635 82
636 82
637 82
638 82
639 82
640 82
641 82
642 82
643 82
644 82
645 82
646 82
647 82
648 82
649 82
650 82
651 82
652 82
653 83
654 83
655 83
656 83
657 83
658 84
659 84
660 84
661 84
662 84
663 84
664 84
665 84
666 84
667 84
668 85
669 85
670 85
671 85
672 85
673 85
674 85
675 86
676 86
677 86
678 86
679 86
680 86
681 86
682 86
683 86
684 86
685 86
686 86
687 86
688 86
689 86
690 86
691 86
692 86
693 86
694 86
695 86
696 87
697 87
698 87
699 87
700 87
701 87
702 87
703 87
704 87
705 87
706 87
707 87
708 87
709 87
710 87
711 87
712 87
713 87
714 87
715 87
716 87
717 87
718 88
719 88
720 88
721 88
722 88
723 88
724 88
725 88
726 88
727 88
728 88
729 88
730 88
731 88
732 88
733 88
734 88
735 88
736 88
737 88
738 89
739 89
740 89
741 89
742 89
743 89
744 89
745 89
746 89
747 89
748 89
749 89
750 89
751 89
752 89
753 89
754 89
755 90
756 90
757 90
758 90
759 90
760 90
761 90
762 90
763 90
764 90
765 90
766 90
767 90
768 90
769 90
770 90
771 90
772 90
773 90
774 90
775 90
776 90
777 90
778 90
779 90
780 90
781 90
782 90
783 90
784 90
785 90
786 90
787 90
788 90
789 90
790 90
791 90
792 90
793 91
794 91
795 91
796 91
797 91
798 91
799 91
800 91
801 91
802 91
803 91
804 91
805 91
806 91
807 92
808 92
809 93
810 93
811 93
812 93
813 93
814 93
815 93
816 94
817 94
818 94
819 94
820 94
821 94
822 94
823 95
824 95
825 95
826 95
827 95
828 95
829 95
830 95
831 95
832 95
833 95
834 95
835 95
836 95
837 95
838 95
839 95
840 95
841 95
842 95
843 95
844 95
845 95
846 95
847 95
848 95
849 95
850 95
851 95
852 95
853 95
854 95
855 95
856 95
857 95
858 95
859 95
860 95
861 95
862 95
863 95
864 95
865 95
866 95
867 95
868 95
869 95
870 95
871 95
872 95
873 95
874 95
875 95
876 95
877 95
878 95
879 95
880 95
881 95
882 95
883 95
884 95
885 95
886 95
887 95
888 95
889 95
890 95
891 95
892 96
893 96
894 96
895 96
896 96
897 97
898 97
899 97
900 97
901 97
902 97
903 97
904 97
905 97
906 97
907 97
908 97
909 97
910 97
911 97
912 97
913 97
914 97
915 97
916 97
917 97
918 97
919 97
920 97
921 97
922 97
923 97
924 97
925 97
926 97
927 97
928 97
929 97
930 97
931 97
932 97
933 97
934 97
935 97
936 97
937 97
938 97
939 97
940 97
941 97
942 97
943 97
944 97
945 97
946 97
947 97
948 97
949 97
950 97
951 97
952 97
953 97
954 97
955 97
956 97
957 97
958 97
959 97
960 97
961 97
962 97
963 97
964 97
965 97
966 97
967 97
968 97
969 97
970 97
971 97
972 97
973 97
974 97
975 97
976 97
977 97
978 97
979 97
980 97
981 97
982 97
983 97
984 97
985 97
986 97
987 97
988 97
989 97
990 97
991 97
992 97
993 97
994 97
995 97
996 97
997 97
998 97
999 97
1000 97
