1 60
2 61
3 61
4 61
5 64
6 65
7 65
8 65
9 65
10 65
11 65
12 65
13 65
14 65
15 65
16 65
17 65
18 65
19 65
20 65
21 65
22 65
23 65
24 65
25 65
26 65
27 65
28 65
29 65
30 65
31 65
32 65
33 65
34 65
35 65
36 65
37 65
38 65
39 65
40 65
41 65
42 65
43 65
44 65
45 65
46 65
47 65
48 65
49 65
50 65
51 65
52 65
53 65
54 65
55 65
56 65
57 65
58 65
59 65
60 65
61 65
62 65
63 65
64 65
65 65
66 65
67 65
68 65
69 65
70 65
71 65
72 65
73 65
74 65
75 65
76 65
77 65
78 65
79 65
80 65
81 65
82 65
83 65
84 65
85 65
86 65
87 65
88 65
89 65
90 65
91 65
92 65
93 65
94 65
95 65
96 65
97 65
98 65
99 65
100 65
101 65
102 65
103 65
104 65
105 65
106 65
107 65
108 65
109 65
110 65
111 65
112 65
113 65
114 65
115 65
116 65
117 65
118 65
119 65
120 65
121 65
122 65
123 65
124 65
125 65
126 65
127 65
128 65
129 65
130 65
131 65
132 65
133 65
134 65
135 65
136 65
137 65
138 65
139 65
140 65
141 65
142 65
143 65
144 65
145 65
146 65
147 65
148 65
149 65
150 65
151 65
152 65
153 65
154 65
155 65
156 65
157 65
158 65
159 65
160 65
161 65
162 65
163 65
164 65
165 65
166 65
167 65
168 65
169 65
170 65
171 65
172 65
173 65
174 65
175 65
176 65
177 65
178 65
179 65
180 65
181 65
182 65
183 65
184 65
185 65
186 65
187 65
188 65
189 65
190 65
191 65
192 65
193 65
194 65
195 65
196 65
197 65
198 65
199 65
200 65
201 65
202 65
203 65
204 65
205 65
206 65
207 65
208 65
209 65
210 65
211 65
212 65
213 65
214 65
215 65
216 65
217 65
218 65
219 65
220 65
221 65
222 65
223 65
224 65
225 65
226 65
227 65
228 65
229 65
230 65
231 65
232 65
233 65
234 65
235 65
236 65
237 65
238 65
239 65
240 65
241 65
242 65
243 65
244 65
245 65
246 65
247 65
248 65
249 65
250 65
251 65
252 65
253 65
254 65
255 65
256 65
257 65
258 65
259 65
260 65
261 65
262 65
263 65
264 65
265 65
266 65
267 65
268 65
269 65
270 65
271 65
272 65
273 65
274 65
275 65
276 65
277 65
278 65
279 65
280 65
281 65
282 65
283 65
284 65
285 65
286 65
287 65
288 65
289 65
290 65
291 65
292 65
293 65
294 65
295 65
296 65
297 65
298 65
299 65
300 65
301 65
302 65
303 65
304 65
305 65
306 65
307 65
308 65
309 65
310 65
311 65
312 65
313 65
314 65
315 65
316 65
317 65
318 65
319 65
320 65
321 65
322 65
323 65
324 65
325 65
326 65
327 65
328 65
329 65
330 65
331 65
332 65
333 65
334 65
335 65
336 65
337 65
338 65
339 65
340 65
341 65
342 65
343 65
344 65
345 65
346 65
347 65
348 65
349 65
350 65
351 65
352 65
353 65
354 65
355 65
356 65
357 65
358 65
359 65
360 65
361 65
362 65
363 65
364 65
365 65
366 65
367 65
368 65
369 65
370 65
371 65
372 65
373 65
374 65
375 65
376 65
377 65
378 65
379 65
380 65
381 65
382 65
383 65
384 65
385 65
386 65
387 65
388 65
389 65
390 65
391 65
392 65
393 65
394 65
395 65
396 65
397 65
398 65
399 65
400 65
401 65
402 65
403 65
404 65
405 65
406 65
407 65
408 65
409 65
410 65
411 65
412 65
413 65
414 65
415 65
416 65
417 65
418 65
419 65
420 65
421 65
422 65
423 65
424 65
425 65
426 65
427 65
428 65
429 65
430 65
431 65
432 65
433 65
434 65
435 65
436 65
437 65
438 65
439 65
440 65
441 65
442 65
443 65
444 65
445 65
446 65
447 65
448 65
449 65
450 65
451 65
452 65
453 65
454 65
455 65
456 65
457 65
458 65
459 65
460 65
461 65
462 65
463 65
464 65
465 65
466 65
467 65
468 65
469 65
470 65
471 65
472 65
473 65
474 65
475 65
476 65
477 65
478 65
479 65
480 65
481 65
482 65
483 65
484 65
485 65
486 65
487 65
488 65
489 65
490 65
491 65
492 65
493 66
494 67
495 67
496 67
497 67
498 67
499 67
500 67
501 67
502 67
503 67
504 67
505 68
506 68
507 68
508 68
509 68
510 69
511 69
512 69
513 69
514 70
515 70
516 70
517 70
518 70
519 70
520 70
521 70
522 70
523 70
524 70
525 70
526 71
527 71
528 71
529 71
530 71
531 71
532 71
533 71
534 71
535 71
536 71
537 71
538 71
539 71
540 71
541 71
542 71
543 71
544 71
545 71
546 71
547 73
548 73
549 73
550 73
551 73
552 73
553 74
554 74
555 74
556 74
557 75
558 75
559 75
560 76
561 76
562 76
563 76
564 76
565 76
566 76
567 76
568 76
569 77
570 77
571 77
572 77
573 77
574 77
575 77
576 77
577 77
578 77
579 77
580 78
581 79
582 79
583 79
584 79
585 79
586 79
587 79
588 80
589 80
590 80
591 81
592 81
593 82
594 82
595 82
596 82
597 82
598 82
599 82
600 82
601 82
602 82
603 82
604 82
605 82
606 83
607 83
608 83
609 83
610 83
611 83
612 83
613 83
614 83
615 83
616 83
617 83
618 84
619 84
620 84
621 85
622 85
623 85
624 85
625 85
626 85
627 85
628 85
629 85
630 85
631 85
632 85
633 85
634 85
635 85
636 85
637 85
638 85
639 85
640 85
641 85
642 85
643 85
644 85
645 85
646 85
647 85
648 85
649 85
650 85
651 85
652 85
653 86
654 86
655 86
656 87
657 87
658 87
659 87
660 87
661 87
662 87
663 87
664 87
665 87
666 87
667 87
668 87
669 87
670 87
671 87
672 87
673 87
674 87
675 87
676 87
677 87
678 87
679 87
680 87
681 87
682 87
683 87
684 87
685 87
686 87
687 87
688 87
689 87
690 87
691 87
692 87
693 87
694 87
695 87
696 87
697 87
698 87
699 87
700 87
701 87
702 87
703 87
704 87
705 87
706 87
707 87
708 87
709 87
710 87
711 87
712 87
713 87
714 87
715 87
716 87
717 88
718 88
719 88
720 88
721 88
722 88
723 88
724 88
725 88
726 88
727 88
728 88
729 88
730 88
731 88
732 88
733 88
734 88
735 88
736 88
737 88
738 88
739 88
740 88
741 88
742 88
743 88
744 88
745 88
746 88
747 88
748 88
749 88
750 88
751 88
752 88
753 88
754 88
755 89
756 89
757 89
758 89
759 89
760 89
761 89
762 89
763 89
764 89
765 89
766 89
767 89
768 89
769 89
770 89
771 89
772 90
773 90
774 90
775 90
776 90
777 90
778 90
779 90
780 90
781 90
782 90
783 90
784 90
785 90
786 90
787 90
788 90
789 90
790 90
791 90
792 90
793 90
794 90
795 90
796 90
797 90
798 91
799 91
800 91
801 91
802 91
803 91
804 91
805 91
806 91
807 91
808 91
809 91
810 91
811 91
812 91
813 91
814 91
815 91
816 91
817 91
818 91
819 91
820 91
821 91
822 91
823 91
824 91
825 91
826 91
827 91
828 91
829 91
830 91
831 91
832 91
833 91
834 91
835 91
836 91
837 91
838 91
839 91
840 91
841 91
842 92
843 92
844 92
845 92
846 92
847 92
848 92
849 92
850 92
851 92
852 92
853 92
854 93
855 93
856 93
857 93
858 93
859 93
860 93
861 93
862 93
863 93
864 93
865 93
866 93
867 93
868 93
869 93
870 93
871 93
872 93
873 93
874 93
875 93
876 93
877 93
878 93
879 93
880 93
881 93
882 93
883 93
884 93
885 93
886 93
887 93
888 93
889 93
890 93
891 93
892 93
893 93
894 93
895 93
896 93
897 93
898 93
899 93
900 93
901 93
902 93
903 93
904 93
905 94
906 94
907 94
908 94
909 94
910 94
911 94
912 94
913 94
914 94
915 94
916 94
917 95
918 95
919 95
920 95
921 95
922 95
923 95
924 95
925 95
926 95
927 95
928 95
929 95
930 95
931 95
932 95
933 95
934 95
935 95
936 95
937 95
938 95
939 96
940 96
941 96
942 96
943 96
944 96
945 96
946 96
947 96
948 96
949 96
950 96
951 96
952 96
953 96
954 96
955 96
956 96
957 96
958 96
959 96
960 96
961 96
962 96
963 96
964 96
965 96
966 96
967 96
968 96
969 96
970 97
971 97
972 97
973 97
974 97
975 97
976 97
977 97
978 97
979 97
980 97
981 97
982 97
983 97
984 97
985 97
986 97
987 97
988 97
989 97
990 97
991 97
992 97
993 97
994 97
995 97
996 97
997 97
998 97
999 97
1000 97
