1 52
2 53
3 53
4 53
5 53
6 53
7 53
8 53
9 53
10 54
11 56
12 57
13 57
14 57
15 57
16 57
17 57
18 57
19 57
20 57
21 57
22 57
23 57
24 57
25 57
26 57
27 57
28 57
29 57
30 57
31 57
32 57
33 57
34 57
35 57
36 59
37 59
38 59
39 59
40 59
41 59
42 59
43 59
44 59
45 59
46 59
47 59
48 59
49 59
50 59
51 59
52 59
53 60
54 60
55 60
56 60
57 60
58 60
59 60
60 60
61 60
62 60
63 60
64 60
65 60
66 60
67 60
68 60
69 60
70 60
71 60
72 60
73 60
74 60
75 60
76 60
77 60
78 60
79 60
80 60
81 60
82 61
83 61
84 61
85 61
86 61
87 61
88 61
89 61
90 61
91 61
92 64
93 64
94 65
95 65
96 65
97 65
98 65
99 65
100 65
101 65
102 65
103 65
104 65
105 65
106 65
107 65
108 65
109 65
110 65
111 65
112 65
113 65
114 65
115 65
116 65
117 65
118 65
119 65
120 65
121 65
122 65
123 65
124 65
125 65
126 65
127 65
128 65
129 65
130 65
131 65
132 65
133 65
134 65
135 65
136 65
137 65
138 65
139 65
140 65
141 65
142 65
143 65
144 65
145 65
146 65
147 65
148 65
149 65
150 65
151 65
152 65
153 65
154 65
155 65
156 65
157 65
158 65
159 65
160 65
161 65
162 65
163 65
164 65
165 65
166 65
167 65
168 65
169 65
170 65
171 65
172 65
173 65
174 65
175 65
176 65
177 65
178 65
179 65
180 65
181 65
182 65
183 65
184 65
185 65
186 65
187 65
188 65
189 65
190 65
191 65
192 65
193 65
194 65
195 65
196 65
197 65
198 65
199 65
200 65
201 65
202 65
203 65
204 65
205 65
206 65
207 65
208 65
209 65
210 65
211 65
212 65
213 65
214 65
215 65
216 65
217 65
218 65
219 65
220 65
221 65
222 65
223 65
224 65
225 65
226 65
227 65
228 65
229 65
230 65
231 65
232 65
233 65
234 65
235 65
236 65
237 65
238 65
239 65
240 65
241 65
242 65
243 65
244 65
245 65
246 65
247 65
248 65
249 65
250 65
251 65
252 65
253 65
254 65
255 65
256 65
257 65
258 65
259 65
260 65
261 65
262 65
263 65
264 65
265 65
266 65
267 65
268 65
269 65
270 65
271 65
272 65
273 65
274 65
275 65
276 65
277 65
278 65
279 65
280 65
281 65
282 65
283 65
284 65
285 65
286 65
287 65
288 65
289 65
290 65
291 65
292 65
293 65
294 65
295 65
296 65
297 65
298 65
299 65
300 65
301 65
302 65
303 65
304 65
305 65
306 65
307 65
308 65
309 65
310 65
311 65
312 65
313 65
314 65
315 65
316 65
317 65
318 65
319 65
320 65
321 65
322 65
323 65
324 65
325 65
326 65
327 65
328 65
329 65
330 65
331 65
332 65
333 65
334 65
335 65
336 65
337 65
338 65
339 65
340 65
341 65
342 65
343 65
344 65
345 65
346 65
347 65
348 65
349 65
350 65
351 65
352 65
353 65
354 65
355 65
356 65
357 65
358 65
359 65
360 65
361 65
362 65
363 65
364 65
365 65
366 65
367 65
368 65
369 65
370 65
371 65
372 65
373 65
374 65
375 65
376 65
377 65
378 65
379 65
380 65
381 65
382 65
383 65
384 65
385 65
386 65
387 65
388 65
389 65
390 65
391 66
392 66
393 66
394 66
395 66
396 66
397 66
398 66
399 66
400 66
401 66
402 66
403 66
404 66
405 66
406 66
407 66
408 66
409 66
410 66
411 66
412 66
413 66
414 66
415 66
416 66
417 66
418 66
419 66
420 66
421 66
422 66
423 66
424 66
425 66
426 66
427 66
428 66
429 66
430 66
431 66
432 66
433 66
434 66
435 66
436 66
437 66
438 66
439 66
440 66
441 66
442 66
443 66
444 66
445 66
446 66
447 66
448 66
449 66
450 66
451 66
452 66
453 66
454 66
455 66
456 66
457 66
458 66
459 66
460 66
461 66
462 66
463 66
464 66
465 66
466 66
467 66
468 66
469 66
470 66
471 66
472 66
473 66
474 66
475 66
476 66
477 66
478 66
479 66
480 66
481 66
482 66
483 66
484 67
485 67
486 67
487 67
488 68
489 68
490 69
491 70
492 70
493 70
494 70
495 70
496 70
497 70
498 70
499 70
500 70
501 70
502 70
503 70
504 70
505 70
506 70
507 70
508 70
509 70
510 70
511 72
512 72
513 72
514 73
515 73
516 73
517 73
518 74
519 74
520 74
521 74
522 75
523 75
524 75
525 75
526 75
527 75
528 75
529 75
530 75
531 75
532 75
533 75
534 75
535 75
536 75
537 75
538 75
539 75
540 75
541 75
542 75
543 75
544 75
545 76
546 76
547 76
548 76
549 76
550 76
551 76
552 78
553 78
554 78
555 78
556 78
557 78
558 78
559 78
560 78
561 78
562 78
563 78
564 78
565 78
566 78
567 78
568 78
569 78
570 79
571 79
572 80
573 81
574 81
575 81
576 81
577 81
578 81
579 81
580 81
581 81
582 81
583 81
584 81
585 81
586 81
587 81
588 83
589 83
590 84
591 84
592 84
593 84
594 84
595 84
596 84
597 84
598 84
599 84
600 84
601 84
602 84
603 84
604 84
605 84
606 84
607 85
608 85
609 85
610 85
611 85
612 85
613 85
614 85
615 85
616 85
617 85
618 85
619 85
620 85
621 85
622 85
623 85
624 85
625 85
626 85
627 85
628 85
629 85
630 85
631 85
632 85
633 85
634 85
635 85
636 85
637 85
638 85
639 85
640 85
641 85
642 85
643 85
644 85
645 85
646 85
647 85
648 85
649 85
650 85
651 85
652 85
653 85
654 85
655 85
656 85
657 85
658 85
659 85
660 85
661 85
662 85
663 85
664 85
665 85
666 86
667 86
668 86
669 86
670 86
671 86
672 86
673 86
674 87
675 87
676 87
677 87
678 87
679 87
680 87
681 87
682 87
683 87
684 87
685 87
686 87
687 88
688 88
689 88
690 88
691 88
692 88
693 89
694 89
695 89
696 89
697 89
698 89
699 89
700 89
701 89
702 89
703 89
704 89
705 89
706 89
707 89
708 89
709 90
710 90
711 90
712 90
713 90
714 90
715 90
716 90
717 90
718 90
719 90
720 90
721 90
722 90
723 90
724 90
725 90
726 91
727 92
728 92
729 92
730 92
731 92
732 92
733 92
734 92
735 92
736 93
737 93
738 93
739 93
740 93
741 93
742 93
743 93
744 93
745 93
746 93
747 96
748 96
749 96
750 96
751 96
752 96
753 96
754 96
755 96
756 96
757 96
758 96
759 96
760 96
761 96
762 96
763 96
764 97
765 97
766 97
767 97
768 97
769 97
770 97
771 97
772 97
773 97
774 97
775 97
776 97
777 97
778 97
779 97
780 98
781 98
782 98
783 98
784 98
785 98
786 98
787 98
788 98
789 98
790 98
791 98
792 98
793 98
794 98
795 98
796 98
797 98
798 98
799 98
800 98
801 98
802 98
803 98
804 98
805 98
806 98
807 98
808 98
809 98
810 98
811 98
812 98
813 98
814 98
815 98
816 98
817 98
818 98
819 98
820 98
821 98
822 98
823 98
824 98
825 98
826 98
827 98
828 98
829 99
830 99
831 99
832 99
833 99
834 99
835 99
836 99
837 99
838 99
839 99
840 99
841 99
842 99
843 99
844 99
845 99
846 99
847 99
848 99
849 99
850 99
851 99
852 99
853 99
854 99
855 99
856 99
857 99
858 99
859 99
860 99
861 99
862 99
863 99
864 99
865 99
866 99
867 99
868 99
869 99
870 99
871 99
872 99
873 99
874 99
875 99
876 99
877 99
878 99
879 99
880 99
881 99
882 99
883 99
884 99
885 99
886 99
887 99
888 99
889 99
890 99
891 99
892 99
893 99
894 99
895 99
896 99
897 99
898 99
899 99
900 99
901 99
902 99
903 99
904 99
905 99
906 99
907 99
908 99
909 99
910 99
911 99
912 99
913 99
914 99
915 99
916 99
917 99
918 99
919 99
920 99
921 99
922 99
923 99
924 99
925 99
926 99
927 99
928 99
929 99
930 99
931 99
932 99
933 99
934 99
935 99
936 99
937 99
938 99
939 99
940 99
941 99
942 99
943 99
944 99
945 99
946 99
947 99
948 99
949 99
950 99
951 99
952 99
953 99
954 99
955 99
956 100
957 100
958 100
959 100
960 100
961 100
962 100
963 100
964 100
965 100
966 100
967 100
968 100
969 100
970 100
971 100
972 100
973 100
974 100
975 100
976 100
977 100
978 100
979 100
980 100
981 100
982 100
983 100
984 100
985 100
986 100
987 100
988 100
989 100
990 100
991 100
992 100
993 100
994 100
995 100
996 100
997 100
998 100
999 100
1000 100
