1 52
2 52
3 52
4 52
5 52
6 52
7 52
8 52
9 52
10 52
11 52
12 52
13 52
14 54
15 55
16 56
17 56
18 56
19 56
20 56
21 56
22 56
23 56
24 56
25 56
26 56
27 56
28 56
29 56
30 56
31 56
32 56
33 56
34 56
35 56
36 56
37 56
38 56
39 56
40 56
41 56
42 56
43 56
44 56
45 56
46 56
47 56
48 56
49 56
50 56
51 56
52 56
53 56
54 56
55 56
56 56
57 56
58 56
59 56
60 56
61 56
62 56
63 56
64 56
65 56
66 56
67 56
68 56
69 56
70 56
71 56
72 56
73 56
74 56
75 56
76 56
77 57
78 60
79 61
80 61
81 61
82 61
83 61
84 61
85 61
86 61
87 61
88 61
89 61
90 62
91 63
92 63
93 63
94 63
95 63
96 63
97 63
98 63
99 63
100 63
101 63
102 63
103 63
104 63
105 63
106 63
107 63
108 63
109 63
110 63
111 63
112 63
113 63
114 63
115 63
116 63
117 63
118 63
119 63
120 63
121 63
122 63
123 63
124 63
125 63
126 63
127 63
128 63
129 63
130 63
131 63
132 63
133 63
134 63
135 63
136 63
137 63
138 63
139 63
140 63
141 63
142 63
143 63
144 63
145 63
146 63
147 63
148 63
149 63
150 63
151 63
152 63
153 63
154 63
155 63
156 63
157 63
158 63
159 63
160 63
161 63
162 63
163 63
164 63
165 63
166 63
167 63
168 63
169 63
170 63
171 63
172 63
173 63
174 63
175 63
176 63
177 63
178 63
179 63
180 63
181 63
182 63
183 63
184 63
185 63
186 63
187 63
188 63
189 63
190 63
191 63
192 63
193 63
194 63
195 63
196 63
197 63
198 63
199 63
200 63
201 63
202 63
203 63
204 63
205 63
206 63
207 63
208 63
209 63
210 63
211 63
212 63
213 63
214 63
215 63
216 63
217 63
218 63
219 63
220 63
221 63
222 63
223 63
224 63
225 63
226 63
227 63
228 63
229 63
230 63
231 63
232 63
233 63
234 63
235 63
236 63
237 63
238 63
239 63
240 63
241 63
242 63
243 63
244 63
245 63
246 63
247 63
248 63
249 63
250 63
251 63
252 63
253 63
254 63
255 63
256 63
257 63
258 63
259 63
260 63
261 63
262 63
263 63
264 63
265 63
266 63
267 63
268 63
269 63
270 63
271 63
272 63
273 63
274 63
275 63
276 63
277 63
278 63
279 63
280 63
281 63
282 63
283 63
284 63
285 63
286 63
287 63
288 63
289 63
290 63
291 63
292 63
293 63
294 63
295 63
296 63
297 63
298 63
299 63
300 63
301 63
302 63
303 63
304 63
305 63
306 63
307 63
308 63
309 63
310 63
311 63
312 63
313 63
314 63
315 63
316 63
317 63
318 63
319 63
320 63
321 63
322 63
323 63
324 63
325 63
326 63
327 63
328 63
329 63
330 63
331 63
332 63
333 63
334 63
335 63
336 63
337 63
338 63
339 63
340 63
341 63
342 63
343 63
344 63
345 63
346 63
347 63
348 63
349 63
350 63
351 63
352 63
353 63
354 63
355 63
356 63
357 63
358 63
359 63
360 63
361 63
362 63
363 63
364 63
365 63
366 63
367 63
368 63
369 63
370 63
371 63
372 63
373 63
374 63
375 63
376 63
377 63
378 63
379 63
380 63
381 63
382 63
383 63
384 63
385 63
386 63
387 63
388 63
389 63
390 63
391 63
392 63
393 63
394 63
395 63
396 63
397 63
398 63
399 63
400 63
401 63
402 63
403 63
404 63
405 63
406 63
407 63
408 63
409 63
410 63
411 63
412 63
413 64
414 64
415 65
416 65
417 66
418 66
419 67
420 67
421 67
422 67
423 67
424 67
425 68
426 68
427 68
428 68
429 68
430 68
431 68
432 68
433 68
434 68
435 68
436 68
437 68
438 68
439 68
440 68
441 68
442 68
443 68
444 68
445 68
446 68
447 68
448 68
449 68
450 68
451 68
452 68
453 68
454 68
455 68
456 69
457 70
458 70
459 71
460 71
461 71
462 71
463 71
464 71
465 71
466 71
467 71
468 71
469 71
470 71
471 71
472 71
473 71
474 71
475 71
476 71
477 71
478 71
479 71
480 71
481 71
482 71
483 71
484 71
485 71
486 71
487 71
488 71
489 71
490 71
491 71
492 71
493 71
494 71
495 71
496 71
497 71
498 71
499 71
500 72
501 72
502 72
503 72
504 72
505 72
506 72
507 72
508 72
509 72
510 72
511 72
512 72
513 72
514 72
515 72
516 72
517 72
518 72
519 72
520 72
521 72
522 72
523 72
524 72
525 72
526 72
527 72
528 72
529 72
530 72
531 72
532 72
533 72
534 72
535 72
536 72
537 72
538 72
539 72
540 72
541 72
542 72
543 72
544 72
545 72
546 72
547 72
548 72
549 72
550 72
551 73
552 73
553 73
554 73
555 73
556 73
557 73
558 73
559 73
560 73
561 73
562 73
563 73
564 73
565 73
566 73
567 73
568 74
569 74
570 74
571 74
572 75
573 75
574 75
575 75
576 75
577 75
578 75
579 76
580 76
581 76
582 76
583 77
584 77
585 77
586 77
587 77
588 77
589 77
590 77
591 77
592 77
593 78
594 79
595 79
596 79
597 79
598 79
599 79
600 79
601 79
602 79
603 79
604 79
605 79
606 80
607 80
608 80
609 80
610 80
611 80
612 80
613 80
614 80
615 80
616 80
617 81
618 81
619 81
620 81
621 81
622 81
623 82
624 82
625 82
626 84
627 84
628 84
629 84
630 84
631 84
632 84
633 85
634 85
635 85
636 87
637 87
638 87
639 87
640 88
641 88
642 88
643 88
644 88
645 88
646 88
647 88
648 88
649 88
650 88
651 88
652 88
653 88
654 88
655 88
656 88
657 88
658 88
659 88
660 88
661 88
662 88
663 88
664 88
665 88
666 88
667 88
668 88
669 88
670 88
671 88
672 88
673 88
674 88
675 88
676 88
677 88
678 88
679 88
680 88
681 88
682 88
683 88
684 88
685 88
686 88
687 88
688 88
689 88
690 88
691 88
692 88
693 88
694 88
695 88
696 88
697 88
698 88
699 88
700 88
701 88
702 88
703 88
704 89
705 89
706 89
707 89
708 89
709 89
710 89
711 89
712 89
713 89
714 90
715 90
716 90
717 90
718 90
719 90
720 90
721 90
722 90
723 90
724 90
725 90
726 90
727 90
728 90
729 90
730 90
731 90
732 90
733 90
734 90
735 90
736 92
737 92
738 92
739 92
740 92
741 92
742 92
743 92
744 92
745 92
746 92
747 92
748 92
749 92
750 93
751 93
752 93
753 93
754 93
755 93
756 93
757 93
758 93
759 93
760 93
761 93
762 93
763 93
764 93
765 93
766 93
767 93
768 93
769 93
770 94
771 94
772 94
773 94
774 94
775 94
776 94
777 94
778 94
779 94
780 94
781 94
782 94
783 94
784 94
785 94
786 94
787 94
788 94
789 95
790 95
791 95
792 95
793 95
794 95
795 95
796 95
797 95
798 95
799 95
800 95
801 95
802 95
803 95
804 95
805 95
806 95
807 95
808 95
809 95
810 95
811 95
812 95
813 95
814 95
815 95
816 95
817 95
818 95
819 95
820 95
821 95
822 95
823 95
824 95
825 95
826 95
827 95
828 95
829 96
830 96
831 96
832 96
833 96
834 96
835 96
836 96
837 96
838 96
839 96
840 96
841 96
842 96
843 96
844 96
845 96
846 96
847 96
848 96
849 96
850 96
851 96
852 96
853 96
854 96
855 96
856 96
857 96
858 96
859 96
860 96
861 96
862 96
863 96
864 96
865 96
866 96
867 96
868 96
869 96
870 96
871 96
872 96
873 96
874 96
875 96
876 96
877 96
878 96
879 96
880 96
881 96
882 96
883 96
884 96
885 96
886 96
887 96
888 96
889 96
890 96
891 96
892 96
893 96
894 96
895 96
896 96
897 96
898 96
899 96
900 96
901 96
902 96
903 96
904 96
905 96
906 96
907 96
908 96
909 96
910 96
911 96
912 96
913 96
914 96
915 96
916 96
917 96
918 96
919 96
920 96
921 96
922 96
923 96
924 96
925 96
926 96
927 96
928 96
929 96
930 96
931 96
932 96
933 96
934 96
935 96
936 96
937 96
938 96
939 96
940 96
941 96
942 96
943 96
944 96
945 96
946 96
947 96
948 96
949 96
950 96
951 96
952 96
953 96
954 96
955 96
956 96
957 96
958 96
959 96
960 96
961 96
962 96
963 96
964 96
965 96
966 96
967 96
968 96
969 96
970 96
971 96
972 96
973 96
974 96
975 96
976 96
977 96
978 96
979 96
980 96
981 96
982 96
983 96
984 96
985 96
986 96
987 96
988 96
989 96
990 96
991 96
992 96
993 96
994 96
995 96
996 96
997 96
998 96
999 96
1000 96
