1 51
2 52
3 52
4 53
5 54
6 56
7 56
8 56
9 56
10 56
11 56
12 57
13 58
14 58
15 58
16 58
17 58
18 58
19 58
20 58
21 60
22 60
23 60
24 60
25 60
26 60
27 60
28 60
29 60
30 60
31 60
32 60
33 60
34 60
35 60
36 60
37 60
38 60
39 60
40 60
41 60
42 60
43 60
44 60
45 60
46 60
47 60
48 60
49 60
50 60
51 60
52 60
53 60
54 60
55 60
56 60
57 60
58 60
59 60
60 60
61 60
62 60
63 60
64 60
65 60
66 60
67 60
68 60
69 60
70 60
71 60
72 60
73 60
74 60
75 60
76 60
77 60
78 60
79 60
80 60
81 60
82 60
83 60
84 60
85 60
86 60
87 60
88 60
89 60
90 60
91 60
92 60
93 60
94 60
95 60
96 60
97 60
98 60
99 60
100 60
101 60
102 60
103 60
104 60
105 60
106 60
107 60
108 60
109 60
110 60
111 60
112 60
113 60
114 60
115 60
116 60
117 60
118 60
119 60
120 60
121 60
122 60
123 60
124 60
125 60
126 60
127 60
128 60
129 60
130 60
131 60
132 60
133 60
134 60
135 60
136 60
137 60
138 60
139 60
140 60
141 60
142 60
143 60
144 60
145 60
146 60
147 60
148 60
149 60
150 60
151 60
152 60
153 60
154 60
155 60
156 60
157 60
158 60
159 60
160 60
161 60
162 60
163 60
164 60
165 60
166 60
167 60
168 60
169 60
170 60
171 60
172 60
173 60
174 60
175 60
176 60
177 60
178 60
179 60
180 60
181 60
182 60
183 60
184 60
185 60
186 60
187 60
188 60
189 60
190 60
191 60
192 60
193 60
194 60
195 60
196 60
197 60
198 60
199 60
200 60
201 60
202 60
203 60
204 60
205 60
206 60
207 60
208 60
209 60
210 60
211 60
212 60
213 60
214 60
215 60
216 60
217 60
218 60
219 60
220 60
221 60
222 60
223 60
224 60
225 60
226 60
227 60
228 60
229 60
230 60
231 60
232 60
233 60
234 60
235 60
236 60
237 60
238 60
239 60
240 60
241 60
242 60
243 60
244 60
245 60
246 60
247 60
248 60
249 60
250 60
251 60
252 60
253 60
254 60
255 60
256 60
257 60
258 60
259 60
260 60
261 60
262 60
263 60
264 60
265 60
266 60
267 60
268 60
269 60
270 60
271 60
272 60
273 60
274 60
275 60
276 60
277 60
278 60
279 60
280 60
281 60
282 60
283 60
284 60
285 60
286 60
287 60
288 60
289 60
290 60
291 60
292 60
293 60
294 60
295 60
296 60
297 60
298 60
299 60
300 60
301 60
302 60
303 60
304 60
305 60
306 60
307 60
308 60
309 60
310 60
311 60
312 60
313 60
314 60
315 60
316 60
317 60
318 60
319 60
320 60
321 60
322 60
323 60
324 60
325 60
326 60
327 60
328 60
329 60
330 60
331 60
332 60
333 60
334 60
335 60
336 60
337 60
338 60
339 60
340 60
341 60
342 60
343 60
344 60
345 60
346 60
347 60
348 60
349 60
350 60
351 60
352 60
353 60
354 60
355 60
356 60
357 60
358 60
359 60
360 60
361 60
362 60
363 60
364 60
365 60
366 60
367 60
368 60
369 60
370 60
371 60
372 60
373 60
374 60
375 60
376 60
377 60
378 60
379 60
380 60
381 60
382 60
383 60
384 60
385 60
386 60
387 60
388 60
389 60
390 60
391 60
392 60
393 60
394 60
395 60
396 60
397 60
398 60
399 60
400 60
401 60
402 60
403 60
404 60
405 60
406 60
407 60
408 60
409 60
410 60
411 60
412 60
413 60
414 60
415 60
416 60
417 60
418 60
419 60
420 60
421 60
422 60
423 60
424 60
425 60
426 60
427 60
428 60
429 60
430 60
431 60
432 60
433 60
434 60
435 60
436 60
437 60
438 60
439 60
440 60
441 60
442 60
443 60
444 60
445 60
446 60
447 60
448 60
449 60
450 60
451 60
452 60
453 60
454 60
455 60
456 60
457 61
458 61
459 62
460 62
461 62
462 62
463 62
464 62
465 62
466 63
467 64
468 65
469 65
470 65
471 65
472 65
473 65
474 66
475 66
476 66
477 66
478 66
479 66
480 66
481 66
482 66
483 66
484 66
485 66
486 66
487 66
488 66
489 66
490 66
491 66
492 66
493 66
494 66
495 66
496 66
497 66
498 66
499 66
500 66
501 66
502 66
503 66
504 66
505 66
506 66
507 66
508 66
509 66
510 66
511 66
512 66
513 66
514 66
515 67
516 67
517 67
518 67
519 67
520 67
521 67
522 67
523 68
524 69
525 69
526 70
527 71
528 71
529 72
530 72
531 72
532 72
533 72
534 72
535 72
536 72
537 72
538 72
539 72
540 72
541 72
542 73
543 74
544 74
545 74
546 74
547 74
548 74
549 74
550 74
551 74
552 74
553 74
554 74
555 74
556 74
557 74
558 74
559 74
560 74
561 74
562 74
563 74
564 74
565 74
566 76
567 76
568 76
569 76
570 77
571 77
572 77
573 77
574 77
575 78
576 78
577 78
578 79
579 79
580 80
581 80
582 80
583 80
584 80
585 80
586 80
587 80
588 80
589 80
590 80
591 80
592 80
593 80
594 81
595 81
596 81
597 81
598 82
599 83
600 83
601 83
602 83
603 83
604 83
605 83
606 83
607 83
608 83
609 83
610 83
611 84
612 84
613 84
614 84
615 84
616 84
617 84
618 84
619 85
620 85
621 85
622 85
623 85
624 85
625 85
626 85
627 85
628 85
629 85
630 85
631 85
632 85
633 85
634 85
635 85
636 87
637 87
638 87
639 87
640 87
641 87
642 87
643 87
644 87
645 87
646 87
647 87
648 87
649 87
650 87
651 87
652 87
653 87
654 87
655 87
656 87
657 87
658 87
659 87
660 87
661 88
662 88
663 88
664 89
665 89
666 90
667 90
668 90
669 90
670 90
671 90
672 90
673 90
674 90
675 90
676 90
677 90
678 90
679 90
680 90
681 90
682 90
683 90
684 90
685 90
686 90
687 90
688 90
689 90
690 90
691 90
692 90
693 90
694 90
695 90
696 90
697 90
698 90
699 90
700 90
701 90
702 90
703 90
704 90
705 90
706 90
707 90
708 90
709 90
710 90
711 90
712 90
713 90
714 90
715 90
716 90
717 90
718 90
719 90
720 90
721 90
722 90
723 90
724 90
725 90
726 90
727 90
728 90
729 90
730 90
731 90
732 90
733 90
734 90
735 90
736 90
737 90
738 90
739 90
740 90
741 90
742 90
743 90
744 90
745 90
746 90
747 90
748 90
749 90
750 90
751 90
752 90
753 90
754 90
755 90
756 90
757 90
758 90
759 90
760 90
761 90
762 90
763 90
764 90
765 90
766 90
767 90
768 90
769 90
770 90
771 90
772 90
773 90
774 90
775 90
776 90
777 90
778 91
779 91
780 91
781 91
782 91
783 91
784 91
785 91
786 91
787 91
788 91
789 91
790 91
791 91
792 91
793 91
794 91
795 91
796 91
797 91
798 91
799 91
800 91
801 91
802 91
803 91
804 91
805 91
806 91
807 91
808 91
809 91
810 91
811 91
812 91
813 91
814 91
815 91
816 91
817 91
818 91
819 91
820 91
821 92
822 92
823 92
824 92
825 92
826 92
827 92
828 92
829 92
830 92
831 92
832 92
833 92
834 92
835 92
836 92
837 92
838 92
839 92
840 92
841 92
842 92
843 92
844 92
845 92
846 92
847 92
848 92
849 92
850 92
851 92
852 92
853 92
854 92
855 92
856 92
857 92
858 92
859 92
860 92
861 92
862 92
863 92
864 92
865 92
866 92
867 92
868 92
869 92
870 92
871 92
872 92
873 92
874 92
875 92
876 92
877 92
878 92
879 92
880 92
881 92
882 92
883 93
884 93
885 93
886 93
887 93
888 93
889 94
890 94
891 94
892 94
893 94
894 94
895 94
896 94
897 94
898 94
899 94
900 94
901 94
902 94
903 94
904 94
905 94
906 94
907 94
908 94
909 95
910 95
911 95
912 95
913 95
914 95
915 95
916 95
917 95
918 95
919 95
920 96
921 96
922 96
923 96
924 96
925 96
926 96
927 96
928 96
929 96
930 96
931 96
932 96
933 96
934 96
935 96
936 96
937 96
938 96
939 96
940 96
941 96
942 96
943 96
944 96
945 96
946 96
947 96
948 96
949 96
950 96
951 96
952 96
953 96
954 96
955 96
956 96
957 96
958 96
959 96
960 96
961 96
962 96
963 96
964 96
965 96
966 97
967 97
968 97
969 97
970 97
971 97
972 97
973 97
974 97
975 97
976 97
977 97
978 97
979 97
980 97
981 97
982 97
983 97
984 97
985 97
986 97
987 97
988 97
989 97
990 97
991 97
992 97
993 97
994 97
995 97
996 97
997 97
998 97
999 97
1000 97
