1 54
2 54
3 54
4 54
5 54
6 54
7 54
8 54
9 54
10 55
11 56
12 56
13 58
14 58
15 58
16 58
17 58
18 58
19 58
20 58
21 58
22 58
23 58
24 58
25 58
26 58
27 58
28 58
29 58
30 58
31 58
32 58
33 58
34 58
35 58
36 58
37 58
38 58
39 58
40 58
41 58
42 58
43 58
44 58
45 58
46 58
47 58
48 58
49 58
50 58
51 58
52 58
53 58
54 58
55 58
56 58
57 58
58 58
59 58
60 58
61 58
62 58
63 58
64 58
65 58
66 58
67 58
68 58
69 58
70 58
71 58
72 58
73 58
74 58
75 58
76 58
77 58
78 58
79 58
80 58
81 58
82 58
83 58
84 58
85 58
86 58
87 58
88 58
89 58
90 58
91 58
92 58
93 58
94 58
95 58
96 58
97 58
98 58
99 58
100 58
101 58
102 58
103 58
104 58
105 58
106 58
107 58
108 58
109 58
110 58
111 58
112 58
113 58
114 58
115 58
116 58
117 58
118 58
119 58
120 58
121 58
122 58
123 58
124 58
125 58
126 58
127 58
128 58
129 58
130 58
131 58
132 58
133 58
134 58
135 58
136 58
137 58
138 58
139 58
140 58
141 58
142 58
143 58
144 58
145 58
146 58
147 58
148 58
149 58
150 58
151 58
152 58
153 58
154 58
155 58
156 58
157 58
158 58
159 58
160 58
161 58
162 58
163 58
164 58
165 58
166 58
167 58
168 58
169 58
170 58
171 58
172 58
173 58
174 58
175 58
176 58
177 58
178 58
179 58
180 58
181 58
182 58
183 58
184 58
185 58
186 58
187 58
188 58
189 58
190 58
191 58
192 58
193 58
194 58
195 58
196 58
197 58
198 58
199 58
200 58
201 58
202 58
203 58
204 58
205 58
206 58
207 58
208 58
209 58
210 58
211 58
212 58
213 58
214 58
215 58
216 58
217 58
218 58
219 58
220 58
221 58
222 58
223 58
224 58
225 58
226 58
227 58
228 58
229 58
230 58
231 58
232 58
233 58
234 58
235 58
236 58
237 58
238 58
239 58
240 58
241 58
242 58
243 58
244 58
245 58
246 58
247 58
248 58
249 58
250 58
251 58
252 58
253 58
254 58
255 58
256 58
257 58
258 58
259 58
260 58
261 58
262 58
263 58
264 58
265 58
266 58
267 58
268 58
269 58
270 58
271 58
272 58
273 58
274 58
275 58
276 58
277 58
278 58
279 58
280 58
281 58
282 58
283 58
284 58
285 58
286 58
287 58
288 58
289 58
290 58
291 58
292 58
293 58
294 58
295 58
296 58
297 58
298 58
299 58
300 58
301 58
302 58
303 58
304 58
305 58
306 58
307 58
308 58
309 58
310 58
311 58
312 58
313 58
314 58
315 58
316 58
317 58
318 58
319 58
320 58
321 58
322 58
323 58
324 58
325 58
326 58
327 58
328 58
329 58
330 58
331 58
332 58
333 58
334 58
335 58
336 58
337 58
338 58
339 58
340 58
341 58
342 58
343 58
344 58
345 58
346 58
347 58
348 58
349 58
350 58
351 58
352 58
353 58
354 58
355 58
356 58
357 58
358 58
359 58
360 58
361 58
362 58
363 58
364 58
365 58
366 58
367 58
368 58
369 58
370 58
371 58
372 58
373 58
374 58
375 58
376 58
377 58
378 58
379 58
380 58
381 58
382 58
383 58
384 58
385 58
386 58
387 58
388 58
389 58
390 58
391 58
392 58
393 58
394 58
395 58
396 58
397 58
398 58
399 58
400 58
401 58
402 58
403 58
404 58
405 58
406 58
407 58
408 58
409 58
410 58
411 58
412 58
413 58
414 58
415 58
416 58
417 58
418 58
419 58
420 58
421 58
422 58
423 58
424 58
425 58
426 58
427 58
428 58
429 58
430 58
431 58
432 58
433 58
434 58
435 58
436 58
437 58
438 58
439 58
440 58
441 58
442 58
443 58
444 58
445 58
446 58
447 58
448 58
449 58
450 58
451 58
452 58
453 58
454 58
455 58
456 58
457 58
458 58
459 58
460 58
461 58
462 59
463 59
464 59
465 59
466 59
467 59
468 59
469 59
470 59
471 59
472 59
473 59
474 59
475 59
476 59
477 59
478 59
479 59
480 59
481 59
482 59
483 59
484 59
485 59
486 59
487 59
488 59
489 59
490 59
491 60
492 60
493 60
494 61
495 62
496 62
497 62
498 65
499 65
500 65
501 65
502 65
503 65
504 65
505 65
506 65
507 65
508 65
509 65
510 65
511 65
512 65
513 65
514 65
515 65
516 65
517 65
518 65
519 65
520 65
521 65
522 65
523 65
524 65
525 65
526 65
527 65
528 65
529 65
530 65
531 65
532 65
533 65
534 66
535 68
536 68
537 69
538 69
539 69
540 69
541 69
542 69
543 69
544 69
545 69
546 69
547 69
548 69
549 69
550 69
551 70
552 70
553 70
554 70
555 70
556 70
557 72
558 72
559 72
560 72
561 72
562 72
563 72
564 72
565 72
566 72
567 72
568 72
569 72
570 72
571 72
572 72
573 72
574 73
575 73
576 73
577 73
578 73
579 73
580 73
581 73
582 73
583 73
584 73
585 73
586 73
587 73
588 73
589 73
590 73
591 73
592 73
593 74
594 74
595 74
596 74
597 75
598 75
599 75
600 75
601 75
602 76
603 76
604 76
605 76
606 76
607 76
608 77
609 77
610 77
611 77
612 78
613 78
614 78
615 78
616 78
617 78
618 79
619 79
620 79
621 79
622 79
623 79
624 79
625 79
626 79
627 79
628 79
629 79
630 79
631 79
632 79
633 79
634 79
635 79
636 79
637 79
638 79
639 80
640 80
641 80
642 81
643 81
644 81
645 81
646 81
647 81
648 81
649 81
650 81
651 81
652 81
653 81
654 81
655 81
656 81
657 81
658 81
659 81
660 82
661 82
662 82
663 82
664 82
665 82
666 82
667 82
668 82
669 82
670 82
671 82
672 83
673 83
674 83
675 83
676 83
677 83
678 83
679 83
680 83
681 83
682 83
683 83
684 83
685 83
686 83
687 83
688 84
689 84
690 84
691 84
692 84
693 84
694 84
695 84
696 84
697 84
698 84
699 84
700 84
701 85
702 85
703 85
704 85
705 85
706 85
707 86
708 86
709 86
710 86
711 86
712 86
713 86
714 86
715 86
716 86
717 86
718 86
719 86
720 86
721 86
722 86
723 86
724 86
725 86
726 86
727 86
728 86
729 86
730 87
731 87
732 87
733 87
734 87
735 87
736 87
737 87
738 87
739 87
740 87
741 87
742 89
743 89
744 89
745 90
746 90
747 90
748 91
749 91
750 91
751 91
752 91
753 91
754 91
755 91
756 91
757 91
758 91
759 91
760 91
761 91
762 91
763 91
764 91
765 91
766 91
767 91
768 91
769 91
770 91
771 91
772 91
773 91
774 91
775 91
776 91
777 91
778 91
779 91
780 91
781 91
782 91
783 91
784 91
785 91
786 91
787 91
788 91
789 91
790 91
791 91
792 91
793 91
794 91
795 91
796 91
797 91
798 91
799 91
800 91
801 91
802 91
803 91
804 91
805 91
806 91
807 91
808 91
809 91
810 91
811 91
812 91
813 91
814 92
815 92
816 92
817 92
818 93
819 93
820 93
821 93
822 93
823 93
824 93
825 93
826 93
827 93
828 93
829 93
830 93
831 93
832 93
833 93
834 93
835 93
836 93
837 93
838 93
839 93
840 93
841 93
842 93
843 93
844 93
845 93
846 93
847 93
848 93
849 93
850 93
851 93
852 93
853 93
854 93
855 93
856 93
857 93
858 93
859 93
860 93
861 93
862 93
863 93
864 93
865 93
866 93
867 93
868 93
869 93
870 93
871 93
872 93
873 93
874 93
875 93
876 93
877 93
878 93
879 93
880 93
881 93
882 93
883 93
884 93
885 93
886 93
887 93
888 93
889 93
890 93
891 93
892 93
893 93
894 93
895 93
896 93
897 93
898 93
899 93
900 93
901 93
902 93
903 94
904 94
905 94
906 94
907 94
908 94
909 94
910 94
911 94
912 94
913 94
914 95
915 96
916 96
917 96
918 96
919 96
920 96
921 96
922 96
923 96
924 96
925 96
926 96
927 96
928 96
929 96
930 96
931 96
932 96
933 96
934 96
935 96
936 96
937 96
938 96
939 97
940 97
941 97
942 97
943 97
944 97
945 97
946 97
947 97
948 97
949 97
950 97
951 97
952 97
953 97
954 97
955 97
956 97
957 97
958 97
959 97
960 97
961 97
962 97
963 97
964 97
965 97
966 97
967 97
968 97
969 97
970 97
971 97
972 97
973 97
974 97
975 97
976 97
977 97
978 97
979 97
980 97
981 97
982 97
983 97
984 97
985 97
986 97
987 97
988 97
989 97
990 97
991 97
992 97
993 97
994 97
995 97
996 97
997 97
998 97
999 97
1000 97
