1 47
2 47
3 48
4 48
5 48
6 49
7 49
8 51
9 51
10 53
11 54
12 54
13 54
14 54
15 54
16 54
17 54
18 54
19 54
20 54
21 54
22 54
23 54
24 54
25 54
26 54
27 54
28 54
29 54
30 54
31 54
32 54
33 54
34 54
35 54
36 54
37 54
38 54
39 54
40 54
41 54
42 54
43 54
44 54
45 54
46 54
47 54
48 54
49 54
50 54
51 54
52 54
53 54
54 54
55 54
56 54
57 54
58 54
59 54
60 54
61 54
62 54
63 54
64 54
65 54
66 54
67 54
68 54
69 54
70 54
71 56
72 56
73 56
74 56
75 56
76 56
77 56
78 56
79 56
80 56
81 56
82 56
83 56
84 56
85 56
86 56
87 56
88 56
89 56
90 56
91 56
92 56
93 56
94 56
95 56
96 56
97 56
98 56
99 56
100 56
101 56
102 56
103 56
104 56
105 56
106 56
107 56
108 56
109 56
110 56
111 56
112 56
113 56
114 56
115 56
116 56
117 56
118 56
119 56
120 56
121 56
122 56
123 56
124 56
125 56
126 56
127 56
128 56
129 56
130 56
131 56
132 56
133 56
134 56
135 56
136 56
137 56
138 56
139 56
140 56
141 56
142 56
143 56
144 56
145 56
146 56
147 56
148 56
149 56
150 56
151 56
152 56
153 56
154 56
155 56
156 56
157 56
158 56
159 56
160 56
161 56
162 56
163 56
164 56
165 56
166 56
167 56
168 56
169 56
170 56
171 56
172 56
173 56
174 56
175 56
176 56
177 56
178 56
179 56
180 56
181 56
182 56
183 56
184 56
185 56
186 56
187 56
188 56
189 56
190 56
191 56
192 56
193 56
194 56
195 56
196 56
197 56
198 56
199 56
200 56
201 56
202 56
203 56
204 56
205 56
206 56
207 56
208 56
209 56
210 56
211 56
212 56
213 56
214 56
215 56
216 56
217 56
218 56
219 56
220 56
221 56
222 56
223 56
224 56
225 56
226 56
227 56
228 56
229 56
230 56
231 56
232 56
233 56
234 56
235 56
236 56
237 56
238 56
239 56
240 56
241 56
242 56
243 56
244 56
245 56
246 56
247 56
248 56
249 56
250 56
251 56
252 56
253 56
254 56
255 56
256 56
257 56
258 56
259 56
260 56
261 56
262 56
263 56
264 56
265 56
266 56
267 56
268 56
269 56
270 56
271 56
272 56
273 56
274 56
275 56
276 56
277 56
278 56
279 56
280 56
281 56
282 56
283 56
284 56
285 56
286 56
287 56
288 56
289 56
290 56
291 56
292 56
293 56
294 56
295 56
296 56
297 56
298 56
299 56
300 56
301 56
302 56
303 56
304 56
305 56
306 56
307 56
308 56
309 56
310 56
311 56
312 56
313 56
314 56
315 56
316 56
317 56
318 56
319 56
320 56
321 56
322 56
323 56
324 56
325 56
326 56
327 56
328 56
329 56
330 56
331 56
332 56
333 56
334 56
335 56
336 56
337 56
338 56
339 56
340 56
341 56
342 56
343 56
344 56
345 56
346 56
347 56
348 56
349 56
350 56
351 56
352 57
353 57
354 57
355 57
356 57
357 57
358 57
359 57
360 57
361 57
362 57
363 57
364 57
365 57
366 57
367 57
368 57
369 57
370 57
371 57
372 57
373 57
374 57
375 57
376 57
377 57
378 57
379 57
380 57
381 57
382 57
383 57
384 57
385 57
386 57
387 57
388 57
389 57
390 57
391 57
392 57
393 57
394 57
395 57
396 57
397 57
398 57
399 57
400 57
401 57
402 57
403 57
404 57
405 57
406 57
407 57
408 57
409 57
410 57
411 57
412 57
413 57
414 57
415 57
416 57
417 57
418 57
419 57
420 57
421 57
422 57
423 57
424 57
425 57
426 57
427 57
428 57
429 57
430 57
431 57
432 57
433 57
434 57
435 57
436 57
437 57
438 57
439 57
440 57
441 57
442 57
443 57
444 57
445 57
446 57
447 57
448 57
449 57
450 57
451 57
452 57
453 57
454 57
455 57
456 58
457 60
458 60
459 60
460 60
461 60
462 60
463 60
464 60
465 60
466 60
467 60
468 60
469 61
470 61
471 61
472 61
473 61
474 61
475 61
476 61
477 61
478 61
479 61
480 61
481 62
482 62
483 62
484 62
485 62
486 62
487 62
488 63
489 64
490 64
491 64
492 65
493 65
494 65
495 65
496 65
497 65
498 65
499 65
500 65
501 65
502 65
503 65
504 65
505 65
506 65
507 65
508 65
509 65
510 65
511 65
512 65
513 65
514 65
515 65
516 65
517 65
518 65
519 65
520 65
521 65
522 65
523 65
524 65
525 65
526 65
527 65
528 65
529 65
530 65
531 65
532 65
533 65
534 66
535 67
536 67
537 67
538 67
539 67
540 67
541 67
542 67
543 67
544 67
545 67
546 67
547 67
548 67
549 68
550 68
551 69
552 69
553 69
554 69
555 69
556 69
557 69
558 69
559 69
560 69
561 69
562 69
563 69
564 69
565 69
566 69
567 69
568 69
569 69
570 69
571 69
572 69
573 69
574 69
575 69
576 69
577 69
578 69
579 72
580 72
581 72
582 72
583 72
584 72
585 72
586 72
587 72
588 72
589 72
590 72
591 72
592 72
593 72
594 72
595 72
596 73
597 73
598 74
599 74
600 74
601 74
602 74
603 74
604 74
605 76
606 78
607 78
608 78
609 78
610 78
611 78
612 78
613 78
614 79
615 80
616 82
617 82
618 82
619 82
620 82
621 82
622 82
623 82
624 82
625 82
626 84
627 84
628 84
629 84
630 84
631 84
632 84
633 84
634 85
635 85
636 85
637 85
638 85
639 85
640 85
641 85
642 85
643 85
644 85
645 85
646 85
647 85
648 85
649 85
650 85
651 85
652 85
653 85
654 85
655 85
656 85
657 85
658 85
659 85
660 86
661 86
662 86
663 86
664 86
665 86
666 86
667 86
668 86
669 86
670 86
671 86
672 86
673 87
674 87
675 87
676 87
677 87
678 87
679 87
680 87
681 87
682 87
683 87
684 87
685 87
686 87
687 87
688 87
689 87
690 87
691 87
692 87
693 87
694 87
695 88
696 88
697 88
698 88
699 88
700 88
701 88
702 88
703 88
704 88
705 88
706 88
707 88
708 88
709 88
710 88
711 88
712 88
713 88
714 88
715 88
716 88
717 88
718 88
719 88
720 88
721 88
722 88
723 88
724 88
725 88
726 89
727 89
728 89
729 89
730 89
731 89
732 89
733 89
734 89
735 89
736 89
737 89
738 89
739 89
740 89
741 90
742 90
743 90
744 90
745 90
746 90
747 90
748 90
749 90
750 90
751 90
752 90
753 90
754 90
755 90
756 90
757 90
758 90
759 90
760 90
761 90
762 90
763 90
764 90
765 90
766 90
767 90
768 90
769 90
770 90
771 90
772 90
773 90
774 90
775 90
776 90
777 90
778 90
779 90
780 90
781 90
782 90
783 90
784 90
785 90
786 90
787 90
788 90
789 90
790 90
791 90
792 90
793 90
794 90
795 90
796 90
797 91
798 91
799 91
800 91
801 91
802 91
803 91
804 91
805 92
806 92
807 92
808 92
809 92
810 92
811 92
812 92
813 92
814 92
815 93
816 93
817 93
818 93
819 93
820 93
821 93
822 93
823 93
824 93
825 93
826 93
827 93
828 93
829 93
830 93
831 93
832 93
833 93
834 93
835 93
836 93
837 93
838 93
839 93
840 93
841 93
842 93
843 93
844 93
845 93
846 93
847 93
848 93
849 93
850 93
851 93
852 93
853 93
854 93
855 93
856 93
857 93
858 94
859 94
860 94
861 94
862 94
863 94
864 94
865 94
866 94
867 94
868 95
869 95
870 95
871 95
872 95
873 95
874 95
875 95
876 95
877 95
878 95
879 95
880 95
881 95
882 95
883 95
884 95
885 95
886 95
887 95
888 95
889 95
890 95
891 95
892 95
893 95
894 95
895 95
896 95
897 95
898 95
899 95
900 95
901 95
902 95
903 95
904 95
905 95
906 95
907 95
908 95
909 96
910 96
911 96
912 96
913 96
914 96
915 96
916 96
917 96
918 96
919 96
920 96
921 96
922 96
923 96
924 96
925 96
926 96
927 96
928 96
929 96
930 96
931 96
932 96
933 96
934 96
935 97
936 97
937 97
938 97
939 97
940 97
941 97
942 97
943 97
944 97
945 97
946 97
947 97
948 97
949 97
950 97
951 97
952 97
953 97
954 97
955 97
956 97
957 97
958 97
959 97
960 97
961 97
962 97
963 97
964 97
965 97
966 97
967 97
968 97
969 97
970 97
971 97
972 97
973 97
974 97
975 97
976 97
977 97
978 97
979 97
980 97
981 97
982 97
983 97
984 97
985 97
986 97
987 97
988 97
989 97
990 97
991 97
992 97
993 97
994 97
995 97
996 97
997 97
998 97
999 97
1000 97
