1 64
2 64
3 64
4 64
5 64
6 64
7 64
8 64
9 64
10 64
11 64
12 64
13 64
14 64
15 64
16 64
17 64
18 64
19 64
20 64
21 64
22 64
23 64
24 64
25 64
26 64
27 64
28 64
29 64
30 64
31 64
32 64
33 64
34 64
35 64
36 64
37 64
38 64
39 64
40 64
41 64
42 64
43 64
44 64
45 64
46 64
47 64
48 64
49 64
50 64
51 64
52 64
53 64
54 64
55 64
56 64
57 64
58 64
59 64
60 64
61 64
62 64
63 64
64 64
65 64
66 64
67 64
68 64
69 64
70 64
71 64
72 64
73 64
74 64
75 64
76 64
77 64
78 64
79 64
80 64
81 64
82 64
83 64
84 64
85 64
86 64
87 64
88 64
89 64
90 64
91 64
92 64
93 64
94 64
95 64
96 64
97 64
98 64
99 64
100 64
101 64
102 64
103 64
104 64
105 64
106 64
107 64
108 64
109 64
110 64
111 64
112 64
113 64
114 64
115 64
116 64
117 64
118 64
119 64
120 64
121 64
122 64
123 64
124 64
125 64
126 64
127 64
128 64
129 64
130 64
131 64
132 64
133 64
134 64
135 64
136 64
137 64
138 64
139 64
140 64
141 64
142 64
143 64
144 64
145 64
146 64
147 64
148 64
149 64
150 64
151 64
152 64
153 64
154 64
155 64
156 64
157 64
158 64
159 64
160 64
161 64
162 64
163 64
164 64
165 64
166 64
167 64
168 64
169 64
170 64
171 64
172 64
173 64
174 64
175 64
176 64
177 64
178 64
179 64
180 64
181 64
182 64
183 64
184 64
185 64
186 64
187 64
188 64
189 64
190 64
191 64
192 64
193 64
194 64
195 64
196 64
197 64
198 64
199 64
200 64
201 64
202 64
203 64
204 64
205 64
206 64
207 64
208 64
209 64
210 64
211 64
212 64
213 64
214 64
215 64
216 64
217 64
218 64
219 64
220 64
221 64
222 64
223 64
224 64
225 64
226 64
227 64
228 64
229 64
230 64
231 64
232 64
233 64
234 64
235 64
236 64
237 64
238 64
239 64
240 64
241 64
242 64
243 64
244 64
245 64
246 64
247 64
248 64
249 64
250 64
251 64
252 64
253 64
254 64
255 64
256 64
257 64
258 64
259 64
260 64
261 64
262 64
263 64
264 64
265 64
266 64
267 64
268 64
269 64
270 64
271 64
272 64
273 64
274 64
275 64
276 64
277 64
278 64
279 64
280 64
281 64
282 64
283 64
284 64
285 64
286 64
287 64
288 64
289 64
290 64
291 64
292 64
293 64
294 64
295 64
296 64
297 64
298 64
299 64
300 64
301 64
302 64
303 64
304 64
305 64
306 64
307 64
308 64
309 64
310 64
311 64
312 64
313 64
314 64
315 64
316 64
317 64
318 64
319 64
320 64
321 64
322 64
323 64
324 64
325 64
326 64
327 64
328 64
329 64
330 64
331 64
332 64
333 64
334 64
335 64
336 64
337 64
338 64
339 64
340 64
341 64
342 64
343 64
344 64
345 64
346 64
347 64
348 64
349 64
350 64
351 64
352 64
353 64
354 64
355 64
356 64
357 64
358 64
359 64
360 64
361 64
362 64
363 64
364 64
365 64
366 64
367 64
368 64
369 64
370 64
371 64
372 64
373 64
374 64
375 64
376 64
377 64
378 64
379 64
380 64
381 64
382 64
383 64
384 65
385 65
386 66
387 66
388 66
389 66
390 66
391 66
392 66
393 66
394 66
395 66
396 66
397 66
398 66
399 66
400 66
401 66
402 66
403 66
404 66
405 66
406 66
407 66
408 66
409 66
410 66
411 66
412 66
413 66
414 66
415 66
416 66
417 66
418 66
419 66
420 66
421 66
422 66
423 66
424 66
425 66
426 66
427 66
428 66
429 66
430 66
431 66
432 66
433 66
434 66
435 66
436 66
437 66
438 66
439 66
440 66
441 66
442 68
443 68
444 69
445 69
446 70
447 72
448 74
449 74
450 74
451 74
452 74
453 74
454 74
455 74
456 74
457 74
458 74
459 74
460 74
461 74
462 74
463 74
464 74
465 74
466 74
467 74
468 74
469 74
470 74
471 74
472 74
473 74
474 74
475 74
476 74
477 74
478 74
479 74
480 74
481 74
482 74
483 74
484 74
485 74
486 74
487 74
488 74
489 74
490 74
491 74
492 74
493 74
494 74
495 74
496 74
497 74
498 74
499 74
500 74
501 74
502 74
503 74
504 74
505 74
506 74
507 74
508 74
509 74
510 74
511 74
512 74
513 74
514 74
515 74
516 74
517 74
518 74
519 74
520 74
521 74
522 74
523 74
524 74
525 74
526 74
527 74
528 74
529 74
530 74
531 74
532 74
533 74
534 74
535 74
536 74
537 74
538 74
539 74
540 74
541 74
542 74
543 74
544 74
545 74
546 74
547 74
548 74
549 74
550 74
551 75
552 75
553 75
554 75
555 75
556 75
557 76
558 76
559 76
560 76
561 78
562 78
563 78
564 79
565 79
566 79
567 81
568 81
569 81
570 81
571 81
572 81
573 81
574 82
575 83
576 83
577 83
578 83
579 83
580 83
581 83
582 85
583 85
584 85
585 85
586 85
587 85
588 85
589 85
590 85
591 85
592 85
593 85
594 85
595 85
596 85
597 85
598 85
599 85
600 85
601 85
602 85
603 85
604 85
605 85
606 85
607 85
608 85
609 85
610 85
611 85
612 85
613 85
614 85
615 85
616 85
617 85
618 85
619 85
620 85
621 85
622 85
623 85
624 85
625 85
626 85
627 85
628 85
629 85
630 85
631 86
632 88
633 88
634 88
635 88
636 88
637 88
638 88
639 88
640 88
641 88
642 88
643 88
644 88
645 88
646 88
647 88
648 88
649 88
650 88
651 89
652 89
653 89
654 89
655 89
656 89
657 89
658 89
659 89
660 89
661 89
662 89
663 89
664 89
665 89
666 89
667 89
668 89
669 89
670 89
671 89
672 89
673 89
674 89
675 89
676 89
677 91
678 91
679 91
680 91
681 91
682 91
683 91
684 91
685 91
686 91
687 91
688 91
689 91
690 91
691 91
692 91
693 91
694 91
695 91
696 91
697 91
698 91
699 91
700 91
701 91
702 91
703 91
704 91
705 91
706 91
707 91
708 91
709 91
710 91
711 91
712 91
713 91
714 91
715 91
716 91
717 91
718 92
719 92
720 92
721 92
722 92
723 92
724 92
725 92
726 92
727 92
728 92
729 92
730 92
731 92
732 92
733 92
734 92
735 92
736 92
737 92
738 92
739 92
740 92
741 92
742 92
743 92
744 92
745 92
746 92
747 92
748 92
749 92
750 92
751 92
752 92
753 92
754 92
755 92
756 92
757 92
758 92
759 92
760 92
761 92
762 92
763 92
764 92
765 92
766 92
767 92
768 92
769 92
770 92
771 92
772 92
773 92
774 92
775 92
776 92
777 92
778 92
779 92
780 92
781 92
782 92
783 92
784 92
785 92
786 92
787 92
788 92
789 92
790 92
791 92
792 92
793 92
794 92
795 92
796 92
797 92
798 92
799 92
800 92
801 92
802 92
803 92
804 92
805 92
806 92
807 92
808 92
809 92
810 94
811 94
812 94
813 94
814 94
815 94
816 94
817 94
818 94
819 94
820 94
821 94
822 94
823 94
824 94
825 94
826 94
827 94
828 94
829 94
830 94
831 94
832 94
833 94
834 94
835 94
836 94
837 94
838 94
839 94
840 94
841 94
842 94
843 94
844 94
845 94
846 94
847 94
848 94
849 94
850 94
851 94
852 94
853 94
854 94
855 94
856 94
857 94
858 94
859 94
860 94
861 94
862 94
863 94
864 94
865 94
866 94
867 94
868 94
869 94
870 94
871 94
872 94
873 94
874 94
875 94
876 94
877 94
878 94
879 94
880 94
881 94
882 94
883 94
884 94
885 94
886 94
887 94
888 94
889 94
890 94
891 94
892 94
893 94
894 94
895 94
896 94
897 94
898 94
899 94
900 94
901 94
902 94
903 94
904 94
905 94
906 94
907 94
908 94
909 94
910 94
911 94
912 94
913 94
914 94
915 94
916 94
917 94
918 94
919 94
920 94
921 94
922 94
923 94
924 94
925 95
926 95
927 95
928 95
929 95
930 95
931 95
932 95
933 95
934 95
935 95
936 95
937 95
938 95
939 95
940 95
941 95
942 95
943 95
944 95
945 95
946 95
947 95
948 95
949 95
950 95
951 95
952 95
953 97
954 97
955 97
956 97
957 97
958 97
959 97
960 97
961 97
962 97
963 97
964 97
965 97
966 97
967 97
968 97
969 97
970 97
971 97
972 97
973 97
974 97
975 97
976 97
977 97
978 97
979 97
980 97
981 97
982 97
983 97
984 97
985 97
986 97
987 97
988 97
989 97
990 97
991 97
992 97
993 97
994 97
995 97
996 97
997 97
998 97
999 97
1000 97
