1 54
2 54
3 54
4 54
5 54
6 54
7 54
8 54
9 54
10 54
11 54
12 54
13 54
14 54
15 54
16 54
17 54
18 54
19 54
20 54
21 54
22 54
23 55
24 56
25 56
26 56
27 56
28 56
29 56
30 56
31 56
32 56
33 56
34 56
35 56
36 56
37 56
38 56
39 56
40 56
41 56
42 56
43 56
44 56
45 56
46 56
47 56
48 56
49 56
50 56
51 56
52 56
53 56
54 56
55 56
56 56
57 56
58 56
59 56
60 56
61 56
62 56
63 56
64 56
65 56
66 56
67 56
68 56
69 56
70 56
71 56
72 56
73 56
74 56
75 56
76 56
77 56
78 56
79 56
80 56
81 56
82 56
83 56
84 56
85 56
86 56
87 56
88 56
89 56
90 56
91 56
92 56
93 56
94 56
95 56
96 56
97 56
98 56
99 56
100 56
101 56
102 56
103 56
104 56
105 56
106 56
107 56
108 56
109 56
110 56
111 56
112 56
113 56
114 56
115 56
116 56
117 56
118 56
119 56
120 56
121 56
122 56
123 56
124 56
125 56
126 56
127 56
128 56
129 56
130 56
131 56
132 56
133 56
134 56
135 56
136 56
137 57
138 58
139 59
140 59
141 60
142 60
143 60
144 60
145 60
146 60
147 60
148 60
149 60
150 60
151 60
152 60
153 60
154 60
155 60
156 60
157 60
158 60
159 60
160 60
161 60
162 60
163 60
164 60
165 60
166 60
167 60
168 60
169 60
170 60
171 60
172 60
173 60
174 60
175 60
176 60
177 60
178 60
179 60
180 60
181 60
182 60
183 60
184 60
185 60
186 60
187 60
188 60
189 60
190 60
191 60
192 60
193 60
194 60
195 60
196 60
197 60
198 60
199 60
200 60
201 60
202 60
203 60
204 60
205 60
206 60
207 60
208 60
209 60
210 60
211 60
212 60
213 60
214 60
215 60
216 60
217 60
218 60
219 60
220 60
221 60
222 60
223 60
224 60
225 60
226 60
227 60
228 60
229 60
230 60
231 60
232 60
233 60
234 60
235 60
236 60
237 60
238 60
239 60
240 60
241 60
242 60
243 60
244 60
245 60
246 60
247 60
248 60
249 60
250 60
251 60
252 60
253 60
254 60
255 60
256 60
257 60
258 60
259 60
260 60
261 60
262 60
263 60
264 60
265 60
266 60
267 60
268 60
269 60
270 60
271 60
272 60
273 60
274 60
275 60
276 60
277 60
278 60
279 60
280 60
281 60
282 60
283 60
284 60
285 60
286 60
287 60
288 60
289 60
290 60
291 60
292 60
293 60
294 60
295 60
296 60
297 60
298 60
299 60
300 60
301 60
302 60
303 60
304 60
305 60
306 60
307 60
308 60
309 60
310 60
311 60
312 60
313 60
314 60
315 60
316 60
317 60
318 60
319 60
320 60
321 60
322 60
323 60
324 60
325 60
326 60
327 60
328 60
329 60
330 60
331 60
332 60
333 60
334 60
335 60
336 60
337 60
338 60
339 60
340 60
341 60
342 60
343 60
344 60
345 60
346 60
347 60
348 60
349 60
350 60
351 60
352 60
353 60
354 60
355 60
356 60
357 60
358 60
359 60
360 60
361 60
362 60
363 60
364 60
365 60
366 60
367 60
368 60
369 60
370 60
371 60
372 60
373 60
374 60
375 60
376 60
377 60
378 60
379 60
380 60
381 60
382 60
383 60
384 60
385 60
386 60
387 60
388 60
389 60
390 61
391 62
392 62
393 62
394 62
395 62
396 62
397 62
398 62
399 62
400 62
401 62
402 62
403 62
404 62
405 62
406 62
407 62
408 62
409 62
410 62
411 62
412 62
413 62
414 62
415 62
416 62
417 62
418 62
419 62
420 62
421 62
422 62
423 62
424 62
425 62
426 62
427 62
428 62
429 62
430 62
431 62
432 62
433 62
434 62
435 62
436 62
437 62
438 62
439 62
440 62
441 62
442 62
443 62
444 62
445 62
446 62
447 62
448 62
449 62
450 62
451 62
452 62
453 62
454 62
455 62
456 62
457 62
458 62
459 62
460 62
461 62
462 62
463 62
464 62
465 62
466 62
467 62
468 62
469 62
470 62
471 62
472 62
473 62
474 62
475 62
476 62
477 62
478 62
479 62
480 62
481 62
482 63
483 63
484 63
485 63
486 63
487 63
488 63
489 63
490 63
491 63
492 64
493 65
494 65
495 65
496 65
497 65
498 65
499 66
500 66
501 66
502 69
503 70
504 70
505 71
506 71
507 71
508 72
509 72
510 72
511 72
512 72
513 72
514 72
515 72
516 72
517 72
518 72
519 73
520 73
521 73
522 73
523 73
524 73
525 73
526 75
527 75
528 75
529 75
530 76
531 76
532 77
533 77
534 77
535 77
536 77
537 77
538 77
539 77
540 77
541 78
542 78
543 79
544 79
545 79
546 79
547 79
548 79
549 79
550 79
551 79
552 79
553 79
554 79
555 79
556 79
557 79
558 79
559 79
560 79
561 79
562 79
563 79
564 79
565 79
566 79
567 79
568 79
569 79
570 79
571 79
572 80
573 80
574 80
575 80
576 81
577 81
578 81
579 81
580 81
581 81
582 81
583 81
584 81
585 81
586 81
587 81
588 81
589 82
590 82
591 82
592 82
593 82
594 82
595 82
596 82
597 83
598 83
599 83
600 84
601 84
602 84
603 84
604 84
605 84
606 84
607 84
608 84
609 84
610 84
611 84
612 84
613 84
614 84
615 84
616 84
617 84
618 84
619 84
620 84
621 84
622 84
623 84
624 84
625 84
626 84
627 84
628 84
629 85
630 85
631 85
632 85
633 85
634 85
635 85
636 85
637 85
638 85
639 86
640 86
641 86
642 86
643 87
644 87
645 87
646 87
647 87
648 87
649 87
650 87
651 87
652 87
653 87
654 87
655 87
656 87
657 87
658 87
659 87
660 87
661 87
662 87
663 88
664 88
665 88
666 90
667 90
668 90
669 90
670 90
671 90
672 90
673 90
674 90
675 90
676 90
677 90
678 90
679 90
680 90
681 90
682 90
683 90
684 90
685 90
686 90
687 91
688 91
689 91
690 91
691 91
692 91
693 91
694 91
695 93
696 93
697 93
698 93
699 93
700 93
701 93
702 93
703 93
704 93
705 93
706 93
707 93
708 93
709 93
710 93
711 94
712 94
713 94
714 94
715 94
716 94
717 94
718 94
719 94
720 94
721 94
722 94
723 94
724 94
725 94
726 94
727 94
728 94
729 94
730 94
731 94
732 94
733 94
734 94
735 94
736 94
737 94
738 94
739 94
740 94
741 94
742 94
743 94
744 94
745 94
746 94
747 94
748 94
749 94
750 94
751 94
752 94
753 94
754 94
755 94
756 94
757 94
758 94
759 94
760 94
761 94
762 94
763 94
764 94
765 94
766 94
767 94
768 94
769 94
770 94
771 95
772 95
773 95
774 95
775 95
776 95
777 95
778 95
779 95
780 95
781 95
782 95
783 95
784 95
785 95
786 95
787 95
788 95
789 95
790 95
791 95
792 95
793 95
794 95
795 95
796 95
797 95
798 96
799 96
800 96
801 96
802 96
803 96
804 96
805 96
806 96
807 96
808 96
809 96
810 96
811 96
812 96
813 96
814 96
815 96
816 96
817 96
818 96
819 96
820 96
821 96
822 96
823 96
824 96
825 96
826 96
827 96
828 96
829 96
830 96
831 96
832 96
833 96
834 96
835 96
836 96
837 96
838 96
839 96
840 96
841 96
842 96
843 96
844 96
845 96
846 96
847 96
848 96
849 96
850 96
851 96
852 96
853 96
854 96
855 96
856 96
857 96
858 96
859 96
860 96
861 96
862 96
863 96
864 96
865 96
866 96
867 96
868 96
869 96
870 96
871 96
872 96
873 96
874 96
875 96
876 96
877 96
878 96
879 96
880 96
881 96
882 96
883 96
884 96
885 96
886 96
887 96
888 96
889 96
890 96
891 96
892 96
893 96
894 96
895 96
896 96
897 96
898 96
899 96
900 96
901 96
902 96
903 96
904 96
905 96
906 96
907 96
908 96
909 96
910 96
911 96
912 96
913 96
914 96
915 96
916 96
917 96
918 96
919 96
920 96
921 96
922 96
923 96
924 96
925 96
926 96
927 96
928 96
929 96
930 96
931 96
932 96
933 96
934 96
935 96
936 96
937 96
938 97
939 97
940 97
941 97
942 97
943 97
944 97
945 97
946 97
947 97
948 97
949 97
950 97
951 97
952 97
953 97
954 97
955 97
956 97
957 97
958 97
959 97
960 97
961 97
962 98
963 98
964 98
965 98
966 99
967 99
968 99
969 99
970 99
971 99
972 99
973 99
974 99
975 99
976 99
977 99
978 99
979 99
980 99
981 99
982 99
983 99
984 99
985 99
986 99
987 99
988 99
989 99
990 99
991 99
992 99
993 99
994 99
995 99
996 99
997 99
998 99
999 99
1000 99
