1 51
2 53
3 53
4 53
5 53
6 53
7 53
8 53
9 53
10 53
11 53
12 54
13 54
14 54
15 55
16 55
17 55
18 55
19 55
20 55
21 55
22 56
23 58
24 59
25 59
26 59
27 59
28 59
29 59
30 59
31 59
32 59
33 59
34 59
35 59
36 59
37 59
38 59
39 59
40 59
41 59
42 59
43 59
44 59
45 59
46 59
47 61
48 61
49 61
50 61
51 61
52 61
53 61
54 61
55 61
56 61
57 61
58 61
59 61
60 61
61 61
62 61
63 61
64 61
65 61
66 61
67 61
68 61
69 61
70 61
71 61
72 61
73 61
74 61
75 61
76 61
77 61
78 61
79 61
80 61
81 61
82 61
83 61
84 61
85 61
86 61
87 61
88 61
89 61
90 61
91 61
92 61
93 61
94 61
95 61
96 61
97 61
98 61
99 61
100 61
101 61
102 61
103 61
104 61
105 61
106 61
107 61
108 61
109 61
110 61
111 61
112 61
113 61
114 61
115 61
116 61
117 61
118 61
119 61
120 61
121 61
122 61
123 61
124 61
125 61
126 61
127 61
128 61
129 61
130 61
131 61
132 61
133 61
134 61
135 61
136 61
137 61
138 61
139 61
140 61
141 61
142 61
143 61
144 61
145 61
146 61
147 61
148 61
149 61
150 61
151 61
152 61
153 61
154 61
155 61
156 61
157 61
158 61
159 61
160 61
161 61
162 61
163 61
164 61
165 61
166 61
167 61
168 61
169 61
170 61
171 61
172 61
173 61
174 61
175 61
176 61
177 61
178 61
179 61
180 61
181 61
182 61
183 61
184 61
185 61
186 61
187 61
188 61
189 61
190 61
191 61
192 61
193 61
194 61
195 61
196 61
197 61
198 61
199 61
200 61
201 61
202 61
203 61
204 61
205 61
206 61
207 61
208 61
209 61
210 61
211 61
212 61
213 61
214 61
215 61
216 61
217 61
218 61
219 61
220 61
221 61
222 61
223 61
224 61
225 61
226 61
227 61
228 61
229 61
230 61
231 61
232 61
233 61
234 61
235 61
236 61
237 61
238 61
239 61
240 61
241 61
242 61
243 61
244 61
245 61
246 61
247 61
248 61
249 61
250 61
251 61
252 61
253 61
254 61
255 61
256 61
257 61
258 61
259 61
260 61
261 61
262 61
263 61
264 61
265 61
266 61
267 61
268 61
269 61
270 61
271 61
272 61
273 61
274 61
275 61
276 61
277 61
278 61
279 61
280 61
281 61
282 61
283 61
284 61
285 61
286 61
287 61
288 61
289 61
290 61
291 61
292 61
293 61
294 61
295 61
296 61
297 61
298 61
299 61
300 61
301 61
302 61
303 61
304 61
305 61
306 61
307 61
308 61
309 61
310 61
311 61
312 61
313 61
314 61
315 61
316 61
317 61
318 61
319 61
320 61
321 61
322 61
323 61
324 61
325 61
326 61
327 61
328 61
329 61
330 61
331 61
332 61
333 61
334 61
335 61
336 61
337 61
338 61
339 61
340 61
341 61
342 61
343 61
344 61
345 61
346 61
347 61
348 61
349 61
350 61
351 61
352 61
353 61
354 61
355 61
356 61
357 61
358 61
359 61
360 61
361 61
362 61
363 61
364 61
365 61
366 61
367 61
368 61
369 61
370 61
371 61
372 61
373 61
374 61
375 61
376 61
377 61
378 61
379 61
380 61
381 61
382 61
383 61
384 61
385 61
386 61
387 61
388 61
389 61
390 61
391 61
392 61
393 61
394 61
395 61
396 61
397 61
398 61
399 61
400 61
401 61
402 61
403 61
404 61
405 61
406 61
407 61
408 61
409 61
410 61
411 61
412 61
413 61
414 61
415 61
416 61
417 61
418 61
419 61
420 61
421 61
422 61
423 61
424 61
425 61
426 61
427 61
428 61
429 61
430 61
431 61
432 61
433 61
434 61
435 61
436 61
437 61
438 61
439 61
440 61
441 61
442 61
443 61
444 61
445 61
446 61
447 61
448 61
449 61
450 61
451 61
452 61
453 61
454 61
455 61
456 61
457 61
458 61
459 61
460 61
461 61
462 61
463 61
464 61
465 61
466 61
467 61
468 61
469 61
470 61
471 61
472 61
473 61
474 61
475 61
476 61
477 61
478 61
479 61
480 61
481 61
482 61
483 61
484 61
485 61
486 61
487 61
488 61
489 61
490 61
491 61
492 61
493 61
494 61
495 61
496 61
497 61
498 61
499 61
500 62
501 63
502 63
503 63
504 63
505 63
506 63
507 63
508 64
509 64
510 64
511 64
512 65
513 65
514 65
515 65
516 65
517 65
518 65
519 65
520 65
521 65
522 65
523 65
524 66
525 66
526 66
527 66
528 66
529 66
530 66
531 66
532 66
533 66
534 66
535 66
536 66
537 69
538 70
539 71
540 71
541 72
542 72
543 72
544 72
545 72
546 72
547 72
548 72
549 72
550 72
551 73
552 73
553 73
554 73
555 73
556 74
557 74
558 74
559 74
560 74
561 74
562 74
563 74
564 74
565 74
566 75
567 75
568 75
569 75
570 75
571 75
572 75
573 75
574 76
575 76
576 77
577 77
578 77
579 77
580 77
581 77
582 77
583 77
584 77
585 77
586 77
587 77
588 77
589 77
590 77
591 77
592 77
593 77
594 78
595 78
596 79
597 79
598 79
599 79
600 79
601 79
602 80
603 80
604 80
605 80
606 80
607 80
608 80
609 80
610 81
611 81
612 81
613 81
614 81
615 81
616 81
617 81
618 81
619 81
620 81
621 81
622 81
623 81
624 82
625 82
626 83
627 83
628 83
629 83
630 83
631 83
632 83
633 83
634 83
635 83
636 84
637 84
638 84
639 84
640 84
641 84
642 84
643 84
644 84
645 84
646 85
647 85
648 85
649 85
650 85
651 87
652 87
653 87
654 87
655 87
656 87
657 87
658 87
659 87
660 87
661 87
662 87
663 87
664 87
665 87
666 87
667 88
668 88
669 88
670 88
671 89
672 89
673 89
674 89
675 89
676 89
677 89
678 89
679 89
680 89
681 89
682 89
683 89
684 89
685 89
686 89
687 89
688 89
689 89
690 89
691 89
692 89
693 89
694 89
695 89
696 89
697 89
698 89
699 89
700 89
701 89
702 89
703 89
704 89
705 89
706 90
707 90
708 90
709 90
710 90
711 90
712 90
713 90
714 90
715 90
716 90
717 90
718 90
719 90
720 90
721 90
722 90
723 90
724 90
725 90
726 90
727 90
728 90
729 90
730 90
731 90
732 90
733 90
734 90
735 90
736 90
737 90
738 90
739 90
740 90
741 90
742 90
743 90
744 90
745 90
746 90
747 90
748 90
749 90
750 90
751 90
752 90
753 90
754 90
755 90
756 90
757 90
758 90
759 90
760 90
761 90
762 90
763 91
764 91
765 91
766 91
767 91
768 91
769 91
770 91
771 91
772 91
773 91
774 91
775 91
776 91
777 91
778 91
779 91
780 91
781 91
782 91
783 91
784 91
785 91
786 91
787 91
788 91
789 91
790 91
791 91
792 91
793 91
794 91
795 91
796 91
797 91
798 91
799 91
800 91
801 91
802 91
803 91
804 91
805 91
806 91
807 91
808 91
809 91
810 91
811 91
812 91
813 91
814 91
815 91
816 91
817 91
818 91
819 91
820 91
821 91
822 91
823 91
824 91
825 91
826 91
827 91
828 91
829 91
830 91
831 92
832 92
833 92
834 92
835 92
836 92
837 92
838 92
839 92
840 92
841 92
842 92
843 92
844 92
845 92
846 92
847 92
848 92
849 92
850 92
851 92
852 92
853 92
854 92
855 92
856 92
857 92
858 92
859 92
860 92
861 92
862 92
863 92
864 92
865 92
866 92
867 92
868 92
869 92
870 92
871 92
872 92
873 92
874 92
875 92
876 92
877 92
878 92
879 92
880 92
881 92
882 92
883 92
884 92
885 92
886 92
887 92
888 92
889 92
890 92
891 92
892 92
893 92
894 92
895 92
896 92
897 92
898 92
899 92
900 92
901 92
902 92
903 92
904 92
905 92
906 92
907 92
908 92
909 92
910 92
911 92
912 92
913 92
914 92
915 92
916 92
917 92
918 92
919 92
920 92
921 92
922 92
923 94
924 94
925 94
926 94
927 94
928 94
929 94
930 94
931 94
932 94
933 94
934 94
935 94
936 94
937 94
938 94
939 94
940 94
941 94
942 94
943 94
944 94
945 94
946 94
947 94
948 94
949 94
950 94
951 94
952 94
953 94
954 94
955 94
956 94
957 94
958 94
959 94
960 94
961 94
962 94
963 94
964 94
965 94
966 94
967 94
968 94
969 95
970 95
971 95
972 95
973 95
974 95
975 95
976 95
977 95
978 95
979 95
980 95
981 95
982 95
983 95
984 95
985 95
986 95
987 95
988 95
989 95
990 95
991 95
992 95
993 95
994 95
995 95
996 95
997 95
998 95
999 95
1000 95
