1 48
2 48
3 48
4 48
5 48
6 48
7 48
8 48
9 48
10 48
11 48
12 48
13 48
14 48
15 48
16 48
17 48
18 48
19 50
20 51
21 51
22 51
23 51
24 51
25 51
26 51
27 51
28 51
29 51
30 51
31 51
32 51
33 51
34 51
35 51
36 51
37 51
38 51
39 51
40 51
41 51
42 51
43 51
44 51
45 51
46 51
47 51
48 51
49 51
50 51
51 51
52 51
53 51
54 51
55 52
56 54
57 54
58 55
59 55
60 55
61 55
62 55
63 55
64 55
65 55
66 55
67 55
68 55
69 55
70 55
71 55
72 55
73 55
74 55
75 55
76 55
77 55
78 55
79 55
80 55
81 55
82 55
83 55
84 55
85 55
86 55
87 55
88 55
89 55
90 55
91 55
92 55
93 55
94 55
95 55
96 55
97 55
98 55
99 55
100 55
101 55
102 55
103 55
104 55
105 56
106 57
107 59
108 59
109 59
110 59
111 59
112 59
113 59
114 59
115 59
116 59
117 59
118 59
119 59
120 59
121 59
122 59
123 59
124 59
125 59
126 59
127 59
128 59
129 59
130 59
131 59
132 59
133 59
134 59
135 59
136 59
137 59
138 59
139 59
140 59
141 59
142 59
143 59
144 59
145 59
146 59
147 59
148 59
149 59
150 59
151 59
152 59
153 59
154 59
155 59
156 59
157 59
158 59
159 59
160 59
161 59
162 59
163 59
164 59
165 59
166 59
167 59
168 59
169 59
170 59
171 59
172 59
173 59
174 59
175 59
176 59
177 59
178 59
179 59
180 59
181 59
182 59
183 59
184 59
185 59
186 59
187 59
188 59
189 59
190 59
191 59
192 59
193 59
194 59
195 59
196 59
197 59
198 59
199 59
200 59
201 59
202 59
203 59
204 59
205 59
206 59
207 59
208 59
209 59
210 59
211 59
212 59
213 59
214 59
215 59
216 59
217 59
218 59
219 59
220 59
221 59
222 59
223 59
224 59
225 59
226 59
227 59
228 59
229 59
230 59
231 59
232 59
233 59
234 59
235 59
236 59
237 59
238 59
239 59
240 59
241 59
242 59
243 59
244 59
245 59
246 59
247 59
248 59
249 59
250 59
251 59
252 59
253 59
254 60
255 60
256 60
257 60
258 61
259 62
260 62
261 62
262 62
263 62
264 62
265 62
266 62
267 62
268 62
269 62
270 62
271 62
272 62
273 62
274 62
275 62
276 62
277 62
278 62
279 62
280 62
281 62
282 62
283 62
284 62
285 62
286 62
287 62
288 62
289 62
290 62
291 62
292 62
293 62
294 62
295 62
296 62
297 62
298 62
299 62
300 62
301 62
302 62
303 62
304 62
305 62
306 62
307 62
308 62
309 62
310 62
311 62
312 62
313 62
314 62
315 62
316 62
317 62
318 62
319 62
320 62
321 62
322 62
323 62
324 62
325 62
326 62
327 62
328 62
329 62
330 62
331 62
332 62
333 62
334 62
335 62
336 62
337 62
338 62
339 62
340 62
341 62
342 62
343 62
344 62
345 62
346 62
347 62
348 62
349 62
350 62
351 62
352 62
353 62
354 62
355 62
356 62
357 62
358 62
359 62
360 62
361 62
362 62
363 62
364 62
365 62
366 62
367 62
368 62
369 62
370 62
371 62
372 62
373 62
374 62
375 62
376 62
377 62
378 62
379 62
380 62
381 62
382 62
383 62
384 62
385 62
386 62
387 62
388 62
389 62
390 62
391 62
392 62
393 62
394 62
395 62
396 62
397 62
398 62
399 62
400 62
401 62
402 62
403 62
404 62
405 62
406 62
407 62
408 62
409 62
410 62
411 62
412 62
413 62
414 62
415 62
416 62
417 62
418 62
419 62
420 62
421 62
422 62
423 62
424 62
425 62
426 62
427 62
428 62
429 62
430 62
431 62
432 62
433 62
434 62
435 62
436 62
437 62
438 62
439 62
440 62
441 62
442 62
443 62
444 62
445 62
446 62
447 62
448 62
449 62
450 62
451 62
452 62
453 62
454 62
455 62
456 62
457 62
458 62
459 62
460 62
461 62
462 62
463 62
464 62
465 62
466 62
467 62
468 62
469 62
470 62
471 62
472 62
473 62
474 62
475 62
476 62
477 62
478 62
479 62
480 62
481 62
482 62
483 62
484 62
485 62
486 62
487 62
488 63
489 66
490 66
491 66
492 66
493 67
494 67
495 67
496 67
497 68
498 68
499 68
500 68
501 68
502 68
503 69
504 70
505 70
506 71
507 71
508 71
509 71
510 71
511 71
512 71
513 71
514 71
515 71
516 71
517 71
518 71
519 71
520 71
521 71
522 71
523 71
524 71
525 71
526 71
527 71
528 71
529 71
530 71
531 71
532 71
533 74
534 74
535 74
536 74
537 74
538 74
539 74
540 74
541 74
542 74
543 74
544 74
545 74
546 74
547 74
548 75
549 75
550 75
551 75
552 75
553 75
554 75
555 75
556 76
557 76
558 76
559 76
560 76
561 76
562 76
563 76
564 76
565 76
566 77
567 77
568 77
569 77
570 77
571 77
572 77
573 77
574 77
575 77
576 78
577 78
578 78
579 78
580 78
581 78
582 78
583 78
584 78
585 78
586 78
587 78
588 79
589 79
590 79
591 79
592 79
593 79
594 79
595 80
596 80
597 80
598 80
599 80
600 80
601 81
602 82
603 83
604 84
605 85
606 85
607 85
608 85
609 85
610 85
611 85
612 85
613 85
614 85
615 86
616 86
617 86
618 86
619 86
620 86
621 86
622 86
623 86
624 86
625 86
626 86
627 86
628 86
629 86
630 87
631 87
632 87
633 87
634 87
635 87
636 87
637 87
638 87
639 87
640 87
641 87
642 87
643 87
644 87
645 87
646 87
647 87
648 87
649 87
650 87
651 87
652 87
653 87
654 87
655 87
656 87
657 87
658 87
659 88
660 88
661 88
662 88
663 88
664 88
665 88
666 88
667 88
668 88
669 88
670 88
671 88
672 88
673 88
674 88
675 88
676 88
677 88
678 88
679 89
680 89
681 89
682 89
683 89
684 89
685 89
686 89
687 89
688 89
689 89
690 89
691 89
692 89
693 89
694 89
695 89
696 89
697 89
698 89
699 89
700 89
701 89
702 89
703 89
704 89
705 89
706 89
707 89
708 89
709 90
710 90
711 90
712 90
713 90
714 90
715 90
716 90
717 90
718 90
719 91
720 91
721 91
722 91
723 91
724 91
725 91
726 91
727 91
728 92
729 92
730 92
731 92
732 92
733 92
734 92
735 92
736 92
737 92
738 92
739 93
740 93
741 93
742 93
743 93
744 93
745 93
746 93
747 93
748 93
749 93
750 93
751 93
752 93
753 93
754 93
755 93
756 93
757 93
758 93
759 93
760 93
761 93
762 93
763 93
764 93
765 93
766 93
767 93
768 93
769 93
770 93
771 93
772 93
773 93
774 93
775 93
776 93
777 93
778 93
779 93
780 93
781 93
782 93
783 93
784 93
785 93
786 93
787 93
788 93
789 93
790 93
791 93
792 93
793 93
794 93
795 93
796 93
797 93
798 93
799 93
800 93
801 93
802 93
803 93
804 93
805 93
806 93
807 93
808 93
809 93
810 93
811 93
812 93
813 93
814 93
815 93
816 93
817 93
818 93
819 93
820 93
821 93
822 93
823 93
824 93
825 93
826 93
827 93
828 93
829 93
830 93
831 93
832 93
833 93
834 93
835 93
836 93
837 93
838 93
839 93
840 93
841 93
842 93
843 93
844 93
845 93
846 93
847 93
848 93
849 93
850 93
851 93
852 93
853 93
854 93
855 93
856 93
857 93
858 93
859 93
860 93
861 93
862 93
863 93
864 93
865 93
866 93
867 93
868 93
869 93
870 93
871 93
872 93
873 93
874 93
875 93
876 93
877 93
878 93
879 93
880 93
881 93
882 93
883 93
884 93
885 93
886 93
887 93
888 93
889 93
890 93
891 93
892 93
893 93
894 93
895 93
896 93
897 94
898 94
899 94
900 94
901 94
902 94
903 94
904 94
905 94
906 94
907 94
908 94
909 94
910 94
911 94
912 94
913 94
914 94
915 94
916 94
917 94
918 94
919 94
920 94
921 94
922 94
923 94
924 94
925 94
926 94
927 94
928 94
929 94
930 94
931 94
932 94
933 94
934 94
935 94
936 94
937 94
938 94
939 94
940 94
941 94
942 94
943 94
944 94
945 94
946 94
947 94
948 94
949 94
950 94
951 94
952 94
953 94
954 94
955 94
956 94
957 94
958 94
959 94
960 94
961 94
962 95
963 95
964 95
965 95
966 95
967 95
968 95
969 95
970 95
971 95
972 95
973 95
974 95
975 95
976 95
977 95
978 95
979 95
980 95
981 95
982 95
983 95
984 95
985 95
986 95
987 95
988 95
989 95
990 95
991 95
992 95
993 95
994 95
995 95
996 95
997 95
998 95
999 95
1000 95
