1 49
2 50
3 51
4 51
5 51
6 51
7 51
8 51
9 51
10 51
11 51
12 51
13 51
14 51
15 51
16 51
17 51
18 51
19 51
20 51
21 51
22 51
23 51
24 51
25 51
26 51
27 51
28 51
29 51
30 51
31 51
32 51
33 51
34 51
35 51
36 51
37 51
38 51
39 52
40 53
41 53
42 53
43 53
44 53
45 53
46 53
47 53
48 53
49 53
50 53
51 53
52 53
53 53
54 53
55 53
56 53
57 53
58 53
59 53
60 53
61 53
62 53
63 53
64 53
65 53
66 53
67 53
68 53
69 53
70 53
71 53
72 53
73 53
74 53
75 53
76 53
77 53
78 53
79 53
80 53
81 53
82 53
83 53
84 53
85 53
86 53
87 53
88 53
89 53
90 53
91 53
92 53
93 53
94 53
95 53
96 53
97 53
98 53
99 53
100 53
101 53
102 53
103 53
104 53
105 53
106 53
107 53
108 53
109 54
110 54
111 54
112 54
113 54
114 54
115 54
116 54
117 54
118 54
119 54
120 54
121 54
122 54
123 54
124 54
125 54
126 54
127 54
128 54
129 54
130 54
131 54
132 54
133 54
134 54
135 54
136 54
137 54
138 54
139 54
140 54
141 54
142 54
143 54
144 54
145 54
146 54
147 54
148 54
149 54
150 54
151 54
152 54
153 54
154 54
155 54
156 54
157 54
158 54
159 54
160 54
161 54
162 54
163 54
164 54
165 54
166 54
167 54
168 54
169 54
170 54
171 54
172 54
173 54
174 54
175 54
176 54
177 54
178 54
179 54
180 54
181 54
182 54
183 54
184 54
185 54
186 54
187 54
188 54
189 54
190 54
191 54
192 54
193 54
194 54
195 54
196 54
197 54
198 54
199 54
200 54
201 54
202 54
203 54
204 54
205 54
206 54
207 54
208 54
209 54
210 54
211 54
212 54
213 54
214 54
215 54
216 54
217 54
218 54
219 54
220 54
221 54
222 54
223 54
224 54
225 54
226 54
227 54
228 54
229 54
230 54
231 54
232 54
233 54
234 54
235 54
236 54
237 54
238 54
239 54
240 54
241 54
242 54
243 54
244 54
245 54
246 54
247 54
248 54
249 54
250 54
251 54
252 54
253 54
254 54
255 54
256 54
257 54
258 54
259 54
260 54
261 54
262 54
263 54
264 54
265 54
266 54
267 54
268 54
269 54
270 54
271 54
272 54
273 54
274 54
275 54
276 54
277 54
278 54
279 54
280 54
281 54
282 54
283 54
284 54
285 54
286 54
287 54
288 54
289 54
290 54
291 54
292 54
293 54
294 54
295 54
296 54
297 54
298 54
299 54
300 54
301 54
302 54
303 54
304 54
305 54
306 54
307 54
308 54
309 54
310 54
311 54
312 54
313 56
314 56
315 56
316 56
317 57
318 58
319 59
320 59
321 59
322 59
323 59
324 59
325 59
326 59
327 59
328 59
329 59
330 59
331 59
332 59
333 59
334 59
335 59
336 59
337 59
338 59
339 59
340 59
341 59
342 59
343 59
344 59
345 59
346 59
347 59
348 59
349 59
350 59
351 59
352 59
353 59
354 59
355 59
356 59
357 59
358 59
359 59
360 59
361 59
362 59
363 59
364 59
365 59
366 59
367 59
368 59
369 59
370 59
371 59
372 59
373 59
374 59
375 59
376 59
377 59
378 59
379 59
380 59
381 59
382 59
383 59
384 59
385 59
386 59
387 59
388 59
389 59
390 59
391 59
392 59
393 59
394 59
395 59
396 59
397 59
398 59
399 59
400 59
401 59
402 59
403 59
404 59
405 59
406 59
407 59
408 59
409 59
410 59
411 59
412 59
413 59
414 59
415 59
416 59
417 59
418 59
419 59
420 59
421 59
422 59
423 59
424 59
425 59
426 59
427 59
428 59
429 59
430 59
431 59
432 59
433 59
434 59
435 59
436 59
437 59
438 59
439 59
440 59
441 59
442 59
443 59
444 59
445 59
446 59
447 59
448 59
449 59
450 59
451 59
452 59
453 59
454 59
455 59
456 59
457 59
458 59
459 59
460 59
461 59
462 59
463 59
464 59
465 59
466 59
467 59
468 59
469 59
470 59
471 59
472 59
473 60
474 61
475 63
476 64
477 64
478 64
479 64
480 66
481 66
482 66
483 66
484 66
485 68
486 68
487 68
488 68
489 68
490 68
491 68
492 68
493 68
494 68
495 68
496 68
497 68
498 68
499 68
500 68
501 68
502 68
503 68
504 68
505 68
506 68
507 68
508 68
509 68
510 68
511 68
512 68
513 68
514 68
515 68
516 68
517 68
518 68
519 69
520 69
521 69
522 69
523 69
524 69
525 69
526 69
527 70
528 70
529 70
530 70
531 70
532 72
533 73
534 73
535 73
536 75
537 75
538 75
539 76
540 76
541 77
542 77
543 77
544 77
545 78
546 78
547 78
548 78
549 78
550 79
551 79
552 80
553 80
554 80
555 80
556 80
557 80
558 80
559 80
560 80
561 80
562 80
563 82
564 82
565 82
566 82
567 82
568 82
569 84
570 84
571 84
572 85
573 85
574 85
575 85
576 85
577 86
578 86
579 86
580 86
581 87
582 87
583 87
584 87
585 87
586 87
587 87
588 87
589 87
590 87
591 87
592 87
593 87
594 87
595 87
596 87
597 87
598 87
599 87
600 87
601 87
602 87
603 87
604 87
605 87
606 87
607 87
608 87
609 87
610 87
611 87
612 87
613 87
614 87
615 88
616 88
617 88
618 88
619 88
620 88
621 88
622 88
623 88
624 88
625 88
626 88
627 88
628 88
629 88
630 88
631 88
632 88
633 88
634 89
635 89
636 90
637 90
638 91
639 91
640 91
641 91
642 91
643 91
644 91
645 91
646 91
647 91
648 91
649 91
650 91
651 91
652 91
653 91
654 91
655 91
656 91
657 91
658 93
659 93
660 93
661 93
662 93
663 93
664 93
665 93
666 93
667 93
668 93
669 93
670 93
671 93
672 93
673 93
674 93
675 93
676 93
677 93
678 93
679 93
680 93
681 93
682 93
683 93
684 93
685 93
686 93
687 93
688 93
689 93
690 93
691 93
692 93
693 93
694 93
695 93
696 93
697 93
698 93
699 93
700 93
701 93
702 93
703 93
704 93
705 93
706 93
707 93
708 93
709 93
710 93
711 93
712 93
713 93
714 93
715 93
716 93
717 93
718 93
719 93
720 93
721 93
722 93
723 93
724 93
725 93
726 93
727 93
728 93
729 93
730 93
731 93
732 93
733 93
734 93
735 93
736 93
737 93
738 93
739 93
740 93
741 93
742 93
743 93
744 93
745 93
746 93
747 93
748 93
749 93
750 93
751 93
752 93
753 93
754 93
755 93
756 93
757 93
758 93
759 93
760 93
761 93
762 93
763 93
764 93
765 93
766 93
767 93
768 93
769 93
770 93
771 93
772 93
773 93
774 93
775 93
776 93
777 93
778 94
779 94
780 94
781 94
782 94
783 94
784 94
785 94
786 94
787 94
788 94
789 94
790 94
791 94
792 94
793 94
794 94
795 94
796 94
797 94
798 94
799 94
800 94
801 94
802 94
803 94
804 94
805 94
806 94
807 94
808 94
809 94
810 94
811 94
812 94
813 94
814 94
815 94
816 94
817 94
818 94
819 94
820 95
821 95
822 95
823 95
824 95
825 95
826 95
827 95
828 95
829 95
830 95
831 95
832 95
833 95
834 95
835 95
836 95
837 95
838 95
839 95
840 95
841 95
842 95
843 95
844 95
845 95
846 96
847 96
848 96
849 96
850 96
851 96
852 96
853 96
854 96
855 96
856 96
857 96
858 96
859 96
860 96
861 96
862 96
863 96
864 96
865 96
866 96
867 96
868 96
869 96
870 96
871 96
872 96
873 96
874 96
875 96
876 96
877 96
878 96
879 96
880 96
881 96
882 96
883 96
884 96
885 96
886 96
887 96
888 96
889 96
890 96
891 96
892 96
893 96
894 96
895 96
896 96
897 96
898 96
899 96
900 96
901 96
902 96
903 96
904 96
905 96
906 96
907 96
908 96
909 96
910 96
911 96
912 96
913 96
914 96
915 96
916 96
917 96
918 96
919 96
920 96
921 96
922 96
923 96
924 96
925 96
926 96
927 96
928 96
929 96
930 96
931 96
932 96
933 96
934 96
935 96
936 96
937 96
938 96
939 96
940 96
941 96
942 96
943 96
944 96
945 96
946 96
947 96
948 96
949 96
950 96
951 96
952 96
953 96
954 96
955 96
956 96
957 96
958 96
959 96
960 96
961 96
962 96
963 96
964 96
965 96
966 96
967 96
968 96
969 96
970 96
971 96
972 96
973 96
974 96
975 96
976 96
977 96
978 96
979 96
980 96
981 96
982 96
983 96
984 96
985 96
986 96
987 97
988 97
989 97
990 97
991 97
992 97
993 97
994 97
995 98
996 98
997 98
998 99
999 99
1000 99
