1 47
2 48
3 48
4 49
5 49
6 49
7 49
8 49
9 49
10 49
11 49
12 49
13 49
14 49
15 49
16 49
17 49
18 49
19 49
20 49
21 49
22 49
23 49
24 49
25 49
26 49
27 49
28 49
29 49
30 49
31 49
32 49
33 49
34 49
35 49
36 49
37 49
38 49
39 49
40 49
41 49
42 49
43 49
44 49
45 49
46 49
47 50
48 50
49 50
50 50
51 50
52 50
53 50
54 50
55 50
56 50
57 50
58 50
59 50
60 50
61 50
62 50
63 50
64 50
65 50
66 50
67 50
68 50
69 50
70 50
71 50
72 50
73 50
74 50
75 50
76 50
77 50
78 50
79 50
80 50
81 51
82 51
83 51
84 51
85 51
86 51
87 51
88 52
89 52
90 53
91 53
92 53
93 53
94 53
95 53
96 53
97 53
98 53
99 53
100 53
101 53
102 53
103 53
104 53
105 53
106 53
107 53
108 53
109 53
110 53
111 53
112 53
113 53
114 53
115 53
116 53
117 53
118 53
119 53
120 53
121 53
122 53
123 53
124 53
125 53
126 54
127 54
128 55
129 56
130 56
131 58
132 59
133 59
134 59
135 60
136 60
137 60
138 60
139 60
140 60
141 60
142 60
143 60
144 60
145 60
146 60
147 60
148 60
149 60
150 60
151 60
152 60
153 60
154 60
155 60
156 60
157 60
158 60
159 60
160 60
161 60
162 60
163 60
164 60
165 60
166 60
167 60
168 60
169 60
170 60
171 60
172 60
173 60
174 60
175 60
176 60
177 60
178 60
179 60
180 60
181 60
182 60
183 60
184 60
185 60
186 60
187 60
188 60
189 60
190 60
191 60
192 60
193 60
194 60
195 60
196 60
197 60
198 60
199 60
200 60
201 60
202 60
203 60
204 60
205 60
206 60
207 60
208 60
209 60
210 60
211 60
212 60
213 60
214 60
215 60
216 60
217 60
218 60
219 60
220 60
221 60
222 60
223 60
224 60
225 60
226 60
227 60
228 60
229 60
230 60
231 60
232 60
233 60
234 60
235 60
236 60
237 60
238 60
239 60
240 60
241 60
242 60
243 60
244 60
245 60
246 60
247 60
248 60
249 60
250 60
251 60
252 60
253 60
254 60
255 60
256 60
257 60
258 60
259 60
260 60
261 60
262 60
263 60
264 60
265 60
266 60
267 60
268 60
269 60
270 60
271 60
272 60
273 60
274 60
275 60
276 60
277 60
278 60
279 60
280 60
281 60
282 60
283 60
284 60
285 60
286 60
287 60
288 60
289 60
290 60
291 60
292 60
293 60
294 60
295 60
296 60
297 60
298 60
299 60
300 60
301 60
302 60
303 60
304 60
305 60
306 60
307 60
308 60
309 60
310 60
311 60
312 60
313 60
314 60
315 60
316 60
317 60
318 60
319 60
320 60
321 60
322 60
323 60
324 60
325 60
326 60
327 60
328 60
329 60
330 60
331 60
332 60
333 60
334 60
335 60
336 60
337 60
338 60
339 60
340 60
341 60
342 60
343 60
344 60
345 60
346 60
347 60
348 60
349 60
350 60
351 60
352 60
353 60
354 60
355 60
356 60
357 60
358 60
359 60
360 60
361 60
362 60
363 60
364 60
365 60
366 60
367 60
368 60
369 60
370 60
371 60
372 62
373 62
374 62
375 62
376 62
377 62
378 63
379 63
380 63
381 63
382 63
383 63
384 63
385 63
386 63
387 63
388 63
389 63
390 63
391 63
392 63
393 63
394 63
395 63
396 63
397 63
398 63
399 63
400 63
401 63
402 63
403 63
404 63
405 63
406 63
407 63
408 63
409 63
410 63
411 63
412 63
413 63
414 63
415 63
416 63
417 63
418 63
419 63
420 63
421 63
422 63
423 63
424 63
425 63
426 63
427 63
428 63
429 63
430 63
431 63
432 63
433 63
434 63
435 63
436 63
437 63
438 63
439 63
440 63
441 63
442 63
443 63
444 63
445 63
446 63
447 63
448 63
449 63
450 65
451 65
452 65
453 65
454 65
455 65
456 65
457 65
458 65
459 66
460 66
461 66
462 66
463 66
464 66
465 66
466 66
467 66
468 66
469 66
470 66
471 66
472 66
473 66
474 66
475 66
476 66
477 66
478 66
479 66
480 66
481 66
482 66
483 66
484 66
485 66
486 66
487 66
488 66
489 66
490 66
491 66
492 66
493 66
494 66
495 66
496 66
497 66
498 66
499 66
500 66
501 67
502 67
503 67
504 67
505 67
506 67
507 67
508 67
509 67
510 67
511 67
512 68
513 68
514 69
515 69
516 69
517 70
518 70
519 70
520 70
521 70
522 70
523 70
524 70
525 70
526 70
527 70
528 70
529 70
530 70
531 70
532 72
533 72
534 72
535 72
536 72
537 72
538 72
539 72
540 72
541 72
542 72
543 72
544 72
545 72
546 72
547 72
548 72
549 72
550 72
551 72
552 72
553 73
554 73
555 73
556 73
557 73
558 73
559 74
560 74
561 74
562 74
563 74
564 74
565 74
566 74
567 74
568 74
569 74
570 74
571 75
572 75
573 75
574 75
575 75
576 76
577 76
578 76
579 77
580 77
581 77
582 77
583 77
584 77
585 80
586 80
587 80
588 80
589 80
590 80
591 80
592 80
593 80
594 80
595 80
596 80
597 80
598 80
599 80
600 82
601 82
602 83
603 83
604 83
605 83
606 83
607 83
608 83
609 83
610 83
611 83
612 83
613 83
614 83
615 84
616 84
617 84
618 84
619 84
620 84
621 84
622 84
623 84
624 84
625 84
626 84
627 84
628 84
629 84
630 84
631 84
632 84
633 84
634 84
635 84
636 85
637 85
638 85
639 85
640 85
641 85
642 85
643 85
644 85
645 86
646 87
647 87
648 87
649 87
650 87
651 87
652 88
653 88
654 88
655 88
656 88
657 88
658 88
659 88
660 88
661 88
662 88
663 88
664 88
665 88
666 88
667 88
668 88
669 88
670 88
671 88
672 88
673 88
674 88
675 88
676 88
677 88
678 88
679 88
680 88
681 89
682 89
683 89
684 89
685 89
686 89
687 89
688 89
689 89
690 89
691 89
692 89
693 89
694 89
695 89
696 89
697 89
698 89
699 89
700 89
701 89
702 89
703 89
704 89
705 89
706 89
707 89
708 89
709 89
710 89
711 89
712 89
713 89
714 89
715 89
716 89
717 89
718 89
719 89
720 89
721 89
722 89
723 89
724 91
725 91
726 91
727 91
728 92
729 92
730 92
731 92
732 92
733 92
734 92
735 92
736 92
737 92
738 92
739 92
740 92
741 92
742 92
743 92
744 92
745 92
746 92
747 92
748 92
749 92
750 94
751 94
752 94
753 94
754 94
755 94
756 94
757 94
758 94
759 94
760 94
761 94
762 94
763 94
764 94
765 94
766 94
767 94
768 94
769 94
770 94
771 94
772 94
773 94
774 94
775 94
776 94
777 94
778 94
779 94
780 94
781 94
782 94
783 94
784 94
785 94
786 94
787 94
788 94
789 94
790 94
791 94
792 94
793 94
794 94
795 94
796 94
797 94
798 94
799 94
800 94
801 94
802 94
803 94
804 94
805 94
806 94
807 94
808 94
809 94
810 94
811 94
812 94
813 94
814 94
815 94
816 94
817 94
818 94
819 94
820 94
821 94
822 94
823 94
824 94
825 94
826 94
827 94
828 94
829 95
830 95
831 95
832 95
833 95
834 95
835 95
836 95
837 95
838 95
839 95
840 95
841 96
842 96
843 96
844 96
845 96
846 96
847 96
848 96
849 96
850 96
851 96
852 96
853 96
854 96
855 96
856 96
857 96
858 96
859 96
860 96
861 96
862 96
863 96
864 96
865 96
866 96
867 96
868 96
869 96
870 96
871 96
872 96
873 96
874 97
875 97
876 97
877 97
878 97
879 97
880 97
881 97
882 97
883 97
884 97
885 97
886 97
887 97
888 97
889 97
890 97
891 97
892 97
893 97
894 97
895 97
896 97
897 97
898 97
899 97
900 97
901 97
902 97
903 97
904 97
905 98
906 98
907 98
908 98
909 98
910 98
911 98
912 98
913 98
914 98
915 98
916 98
917 98
918 98
919 98
920 98
921 98
922 98
923 98
924 98
925 98
926 98
927 98
928 98
929 98
930 98
931 98
932 98
933 98
934 98
935 98
936 98
937 98
938 98
939 98
940 98
941 98
942 98
943 98
944 98
945 98
946 98
947 98
948 98
949 98
950 98
951 98
952 98
953 98
954 98
955 98
956 98
957 98
958 98
959 98
960 98
961 98
962 98
963 98
964 98
965 98
966 98
967 98
968 98
969 98
970 98
971 98
972 98
973 98
974 98
975 99
976 99
977 99
978 99
979 99
980 99
981 99
982 99
983 99
984 99
985 99
986 99
987 99
988 99
989 99
990 99
991 99
992 99
993 99
994 99
995 99
996 99
997 99
998 99
999 99
1000 99
