1 43
2 44
3 44
4 44
5 44
6 44
7 44
8 44
9 44
10 44
11 45
12 45
13 45
14 45
15 45
16 45
17 45
18 46
19 47
20 47
21 47
22 47
23 47
24 49
25 51
26 51
27 51
28 51
29 51
30 51
31 51
32 51
33 52
34 53
35 53
36 53
37 53
38 53
39 53
40 53
41 53
42 53
43 53
44 54
45 55
46 56
47 56
48 57
49 57
50 57
51 57
52 57
53 57
54 57
55 57
56 57
57 57
58 57
59 57
60 57
61 57
62 57
63 57
64 57
65 57
66 57
67 57
68 57
69 57
70 57
71 57
72 57
73 57
74 57
75 57
76 57
77 57
78 58
79 58
80 58
81 58
82 58
83 58
84 58
85 58
86 58
87 58
88 58
89 58
90 58
91 58
92 58
93 58
94 58
95 58
96 58
97 58
98 58
99 58
100 58
101 58
102 58
103 58
104 58
105 58
106 58
107 58
108 58
109 58
110 58
111 58
112 58
113 58
114 58
115 58
116 58
117 58
118 58
119 58
120 58
121 58
122 58
123 58
124 58
125 58
126 58
127 58
128 58
129 58
130 58
131 58
132 58
133 58
134 58
135 58
136 58
137 58
138 58
139 58
140 58
141 58
142 58
143 58
144 58
145 58
146 58
147 58
148 58
149 58
150 58
151 58
152 58
153 58
154 58
155 58
156 58
157 58
158 58
159 58
160 58
161 58
162 58
163 58
164 58
165 58
166 58
167 58
168 58
169 58
170 58
171 58
172 58
173 58
174 58
175 58
176 58
177 58
178 58
179 58
180 58
181 58
182 58
183 58
184 58
185 58
186 58
187 58
188 58
189 58
190 58
191 58
192 58
193 58
194 58
195 58
196 58
197 58
198 58
199 58
200 58
201 58
202 58
203 58
204 58
205 58
206 58
207 58
208 58
209 58
210 58
211 58
212 58
213 58
214 58
215 58
216 58
217 58
218 58
219 58
220 58
221 58
222 58
223 58
224 58
225 58
226 58
227 58
228 58
229 58
230 58
231 58
232 58
233 58
234 58
235 58
236 58
237 58
238 58
239 58
240 58
241 58
242 58
243 58
244 58
245 58
246 58
247 58
248 58
249 58
250 58
251 58
252 58
253 58
254 58
255 58
256 58
257 58
258 58
259 58
260 58
261 58
262 58
263 58
264 58
265 58
266 58
267 58
268 58
269 59
270 60
271 60
272 60
273 60
274 60
275 60
276 60
277 60
278 60
279 60
280 60
281 60
282 60
283 60
284 60
285 60
286 60
287 60
288 60
289 60
290 60
291 60
292 60
293 60
294 60
295 60
296 60
297 60
298 60
299 60
300 60
301 60
302 60
303 60
304 60
305 60
306 60
307 60
308 60
309 60
310 60
311 60
312 60
313 60
314 60
315 63
316 63
317 63
318 63
319 63
320 63
321 63
322 63
323 63
324 63
325 63
326 63
327 63
328 63
329 63
330 63
331 63
332 63
333 63
334 63
335 63
336 63
337 63
338 63
339 63
340 63
341 63
342 63
343 63
344 63
345 63
346 63
347 63
348 63
349 63
350 63
351 63
352 63
353 63
354 63
355 63
356 63
357 63
358 63
359 63
360 63
361 63
362 63
363 63
364 63
365 63
366 63
367 63
368 63
369 63
370 63
371 63
372 63
373 63
374 63
375 63
376 63
377 63
378 63
379 63
380 63
381 63
382 63
383 63
384 63
385 63
386 63
387 63
388 63
389 63
390 63
391 63
392 63
393 63
394 63
395 63
396 63
397 63
398 63
399 63
400 63
401 63
402 63
403 63
404 63
405 63
406 63
407 63
408 63
409 63
410 63
411 63
412 63
413 63
414 63
415 63
416 63
417 63
418 63
419 63
420 63
421 63
422 63
423 63
424 63
425 63
426 63
427 63
428 63
429 63
430 63
431 63
432 63
433 63
434 63
435 63
436 63
437 63
438 63
439 63
440 63
441 63
442 63
443 63
444 63
445 63
446 63
447 63
448 63
449 63
450 63
451 63
452 63
453 63
454 63
455 63
456 63
457 63
458 63
459 63
460 63
461 63
462 63
463 63
464 63
465 63
466 63
467 63
468 63
469 63
470 63
471 63
472 63
473 63
474 63
475 63
476 63
477 63
478 64
479 64
480 65
481 65
482 65
483 65
484 65
485 65
486 65
487 66
488 66
489 66
490 66
491 66
492 66
493 66
494 66
495 66
496 67
497 68
498 68
499 68
500 68
501 68
502 68
503 68
504 68
505 68
506 68
507 68
508 68
509 68
510 68
511 68
512 68
513 68
514 68
515 68
516 69
517 69
518 69
519 69
520 69
521 69
522 69
523 69
524 69
525 69
526 70
527 70
528 70
529 70
530 70
531 70
532 70
533 70
534 70
535 71
536 71
537 71
538 71
539 71
540 71
541 71
542 71
543 72
544 72
545 72
546 72
547 72
548 72
549 72
550 72
551 72
552 72
553 72
554 72
555 72
556 72
557 73
558 73
559 73
560 73
561 73
562 73
563 73
564 73
565 74
566 74
567 74
568 75
569 75
570 75
571 75
572 75
573 75
574 75
575 75
576 76
577 76
578 76
579 77
580 77
581 77
582 77
583 77
584 77
585 77
586 77
587 77
588 77
589 77
590 77
591 77
592 77
593 78
594 78
595 78
596 78
597 78
598 78
599 78
600 78
601 78
602 79
603 79
604 80
605 80
606 80
607 80
608 80
609 81
610 81
611 81
612 81
613 81
614 82
615 82
616 83
617 84
618 84
619 84
620 84
621 85
622 85
623 87
624 87
625 87
626 87
627 87
628 87
629 87
630 87
631 87
632 87
633 87
634 87
635 87
636 87
637 87
638 87
639 87
640 87
641 87
642 88
643 88
644 88
645 88
646 88
647 88
648 88
649 88
650 88
651 88
652 88
653 88
654 89
655 89
656 89
657 89
658 89
659 89
660 89
661 89
662 89
663 89
664 90
665 90
666 90
667 90
668 90
669 90
670 90
671 90
672 90
673 90
674 90
675 90
676 90
677 90
678 90
679 90
680 90
681 90
682 90
683 90
684 90
685 90
686 91
687 91
688 91
689 91
690 91
691 91
692 91
693 91
694 91
695 91
696 92
697 92
698 92
699 92
700 93
701 93
702 93
703 93
704 93
705 93
706 93
707 94
708 94
709 94
710 94
711 94
712 94
713 94
714 94
715 94
716 94
717 94
718 94
719 95
720 95
721 95
722 95
723 95
724 95
725 95
726 95
727 95
728 95
729 95
730 95
731 95
732 95
733 95
734 95
735 95
736 95
737 95
738 95
739 95
740 95
741 95
742 95
743 95
744 95
745 95
746 95
747 95
748 95
749 95
750 95
751 95
752 95
753 95
754 95
755 95
756 95
757 95
758 95
759 95
760 95
761 95
762 95
763 96
764 96
765 96
766 96
767 96
768 96
769 96
770 96
771 96
772 96
773 96
774 96
775 96
776 96
777 96
778 96
779 96
780 96
781 96
782 96
783 96
784 96
785 96
786 96
787 96
788 96
789 96
790 96
791 96
792 96
793 96
794 96
795 96
796 96
797 96
798 96
799 96
800 96
801 96
802 96
803 96
804 96
805 96
806 96
807 96
808 96
809 96
810 96
811 96
812 96
813 96
814 96
815 96
816 96
817 96
818 96
819 96
820 96
821 96
822 96
823 96
824 96
825 96
826 96
827 96
828 96
829 96
830 96
831 96
832 96
833 96
834 96
835 96
836 96
837 96
838 96
839 96
840 96
841 96
842 96
843 96
844 96
845 96
846 96
847 96
848 96
849 96
850 97
851 97
852 97
853 97
854 97
855 97
856 97
857 97
858 97
859 97
860 97
861 97
862 97
863 97
864 97
865 97
866 97
867 97
868 97
869 97
870 97
871 97
872 97
873 97
874 97
875 97
876 97
877 97
878 97
879 97
880 97
881 97
882 97
883 97
884 97
885 97
886 97
887 97
888 97
889 97
890 97
891 97
892 97
893 97
894 97
895 97
896 97
897 97
898 97
899 97
900 97
901 97
902 97
903 97
904 97
905 97
906 97
907 97
908 97
909 97
910 97
911 97
912 97
913 97
914 97
915 97
916 97
917 97
918 97
919 97
920 97
921 97
922 97
923 97
924 97
925 97
926 97
927 97
928 97
929 97
930 97
931 97
932 97
933 97
934 97
935 97
936 98
937 98
938 98
939 98
940 98
941 98
942 98
943 98
944 98
945 98
946 98
947 98
948 98
949 98
950 98
951 98
952 98
953 98
954 98
955 98
956 98
957 98
958 98
959 98
960 98
961 98
962 98
963 98
964 98
965 98
966 98
967 98
968 98
969 98
970 98
971 98
972 98
973 98
974 98
975 98
976 98
977 98
978 98
979 98
980 98
981 98
982 98
983 98
984 98
985 98
986 98
987 98
988 98
989 98
990 98
991 98
992 98
993 98
994 98
995 98
996 98
997 98
998 98
999 98
1000 98
