1 51
2 51
3 51
4 51
5 51
6 51
7 51
8 51
9 51
10 52
11 53
12 54
13 55
14 55
15 55
16 55
17 55
18 55
19 55
20 55
21 55
22 55
23 55
24 55
25 55
26 55
27 55
28 55
29 55
30 55
31 55
32 55
33 55
34 55
35 55
36 55
37 56
38 56
39 56
40 56
41 56
42 56
43 57
44 57
45 57
46 57
47 57
48 57
49 57
50 57
51 57
52 57
53 57
54 57
55 57
56 57
57 57
58 57
59 57
60 57
61 57
62 57
63 57
64 57
65 57
66 57
67 57
68 57
69 57
70 57
71 57
72 57
73 57
74 57
75 57
76 57
77 57
78 57
79 57
80 57
81 57
82 57
83 57
84 57
85 57
86 57
87 57
88 57
89 57
90 57
91 57
92 57
93 57
94 57
95 57
96 57
97 57
98 57
99 57
100 57
101 57
102 57
103 57
104 57
105 57
106 57
107 57
108 57
109 57
110 57
111 57
112 57
113 57
114 57
115 57
116 57
117 57
118 57
119 57
120 57
121 57
122 57
123 57
124 57
125 57
126 57
127 57
128 57
129 57
130 57
131 57
132 57
133 57
134 57
135 57
136 57
137 57
138 57
139 57
140 57
141 57
142 57
143 57
144 57
145 57
146 57
147 57
148 57
149 57
150 57
151 57
152 57
153 57
154 57
155 57
156 57
157 57
158 57
159 57
160 57
161 57
162 57
163 57
164 57
165 57
166 57
167 57
168 57
169 57
170 57
171 57
172 57
173 57
174 57
175 57
176 57
177 57
178 59
179 59
180 59
181 59
182 59
183 59
184 59
185 59
186 59
187 59
188 59
189 59
190 59
191 59
192 59
193 59
194 59
195 59
196 59
197 59
198 59
199 59
200 59
201 59
202 59
203 59
204 59
205 59
206 59
207 59
208 59
209 59
210 59
211 59
212 59
213 59
214 59
215 59
216 59
217 59
218 59
219 59
220 59
221 59
222 59
223 59
224 59
225 59
226 59
227 59
228 59
229 59
230 59
231 59
232 59
233 59
234 59
235 59
236 59
237 59
238 59
239 59
240 59
241 59
242 59
243 59
244 59
245 59
246 59
247 59
248 59
249 59
250 59
251 59
252 59
253 59
254 59
255 59
256 59
257 59
258 59
259 59
260 59
261 59
262 59
263 59
264 59
265 59
266 59
267 59
268 59
269 59
270 59
271 59
272 59
273 59
274 59
275 59
276 59
277 59
278 59
279 59
280 59
281 59
282 59
283 59
284 59
285 59
286 59
287 59
288 59
289 59
290 59
291 59
292 59
293 59
294 59
295 59
296 59
297 59
298 59
299 59
300 59
301 59
302 59
303 59
304 59
305 59
306 59
307 59
308 59
309 59
310 59
311 59
312 59
313 59
314 59
315 59
316 59
317 59
318 59
319 59
320 59
321 59
322 59
323 59
324 59
325 59
326 59
327 59
328 59
329 59
330 59
331 59
332 59
333 59
334 59
335 59
336 59
337 59
338 59
339 59
340 59
341 59
342 59
343 59
344 59
345 59
346 59
347 59
348 59
349 59
350 59
351 59
352 59
353 59
354 59
355 59
356 59
357 59
358 59
359 59
360 59
361 59
362 59
363 59
364 59
365 59
366 59
367 59
368 59
369 59
370 59
371 59
372 59
373 59
374 59
375 59
376 59
377 59
378 59
379 59
380 59
381 59
382 59
383 59
384 59
385 59
386 59
387 59
388 59
389 59
390 59
391 59
392 59
393 59
394 59
395 59
396 60
397 60
398 60
399 60
400 60
401 60
402 60
403 60
404 60
405 60
406 60
407 60
408 60
409 60
410 60
411 60
412 60
413 60
414 60
415 60
416 60
417 60
418 60
419 60
420 60
421 60
422 62
423 62
424 62
425 62
426 62
427 62
428 62
429 62
430 62
431 62
432 62
433 62
434 62
435 62
436 62
437 62
438 62
439 62
440 62
441 62
442 62
443 62
444 62
445 62
446 62
447 62
448 62
449 62
450 62
451 62
452 62
453 62
454 62
455 62
456 62
457 62
458 62
459 62
460 62
461 62
462 62
463 62
464 62
465 62
466 62
467 62
468 62
469 62
470 62
471 62
472 62
473 62
474 62
475 62
476 62
477 62
478 64
479 64
480 64
481 64
482 65
483 66
484 66
485 66
486 66
487 66
488 66
489 66
490 66
491 66
492 66
493 66
494 66
495 66
496 66
497 66
498 68
499 71
500 71
501 71
502 72
503 72
504 72
505 73
506 73
507 73
508 73
509 73
510 73
511 73
512 73
513 73
514 73
515 73
516 73
517 73
518 73
519 73
520 73
521 73
522 73
523 73
524 73
525 73
526 73
527 73
528 73
529 73
530 73
531 73
532 73
533 73
534 73
535 73
536 73
537 74
538 74
539 74
540 74
541 74
542 74
543 74
544 74
545 74
546 74
547 74
548 74
549 74
550 74
551 74
552 74
553 75
554 75
555 75
556 75
557 75
558 75
559 75
560 75
561 75
562 75
563 76
564 76
565 76
566 76
567 76
568 76
569 76
570 76
571 76
572 77
573 77
574 78
575 78
576 78
577 78
578 78
579 79
580 79
581 79
582 80
583 81
584 81
585 81
586 81
587 81
588 81
589 82
590 83
591 83
592 83
593 83
594 83
595 84
596 84
597 84
598 84
599 84
600 84
601 84
602 86
603 86
604 86
605 86
606 86
607 86
608 86
609 86
610 86
611 86
612 87
613 88
614 88
615 88
616 88
617 88
618 88
619 88
620 88
621 88
622 88
623 88
624 88
625 88
626 88
627 88
628 89
629 89
630 89
631 89
632 89
633 89
634 89
635 89
636 89
637 89
638 89
639 89
640 89
641 89
642 89
643 89
644 89
645 89
646 89
647 89
648 89
649 89
650 89
651 89
652 89
653 89
654 89
655 89
656 89
657 89
658 89
659 89
660 89
661 89
662 89
663 89
664 90
665 90
666 90
667 90
668 90
669 90
670 90
671 90
672 91
673 91
674 91
675 91
676 91
677 91
678 91
679 91
680 91
681 91
682 91
683 91
684 91
685 92
686 92
687 92
688 92
689 92
690 92
691 92
692 92
693 92
694 92
695 92
696 92
697 92
698 92
699 92
700 92
701 92
702 92
703 92
704 92
705 92
706 92
707 92
708 92
709 93
710 93
711 93
712 93
713 93
714 93
715 93
716 93
717 93
718 93
719 93
720 93
721 93
722 93
723 93
724 93
725 93
726 93
727 93
728 93
729 93
730 93
731 93
732 93
733 93
734 93
735 93
736 93
737 93
738 93
739 93
740 93
741 93
742 94
743 94
744 94
745 94
746 94
747 94
748 94
749 94
750 94
751 94
752 94
753 94
754 94
755 94
756 94
757 94
758 94
759 94
760 94
761 94
762 94
763 94
764 94
765 94
766 94
767 94
768 94
769 94
770 94
771 94
772 94
773 94
774 94
775 94
776 94
777 94
778 94
779 94
780 94
781 94
782 94
783 94
784 94
785 94
786 94
787 94
788 94
789 94
790 94
791 94
792 95
793 95
794 95
795 95
796 95
797 95
798 95
799 95
800 95
801 95
802 95
803 95
804 95
805 95
806 95
807 95
808 95
809 95
810 95
811 95
812 95
813 95
814 95
815 95
816 95
817 95
818 95
819 95
820 95
821 95
822 95
823 95
824 95
825 95
826 95
827 95
828 95
829 95
830 95
831 95
832 95
833 95
834 95
835 95
836 95
837 95
838 95
839 95
840 95
841 95
842 95
843 95
844 95
845 95
846 95
847 95
848 95
849 95
850 95
851 95
852 95
853 95
854 95
855 95
856 95
857 95
858 95
859 95
860 95
861 95
862 95
863 95
864 95
865 95
866 95
867 95
868 95
869 95
870 95
871 95
872 95
873 95
874 95
875 95
876 95
877 95
878 95
879 95
880 95
881 95
882 95
883 95
884 95
885 95
886 95
887 95
888 95
889 95
890 95
891 95
892 95
893 95
894 95
895 95
896 95
897 95
898 95
899 95
900 95
901 95
902 95
903 95
904 95
905 95
906 95
907 95
908 95
909 95
910 95
911 95
912 95
913 95
914 95
915 95
916 95
917 95
918 95
919 95
920 95
921 95
922 95
923 95
924 95
925 95
926 95
927 95
928 95
929 95
930 95
931 95
932 95
933 95
934 95
935 95
936 95
937 95
938 95
939 95
940 95
941 95
942 95
943 95
944 95
945 95
946 95
947 95
948 95
949 95
950 95
951 95
952 95
953 95
954 95
955 95
956 95
957 95
958 95
959 95
960 95
961 95
962 95
963 95
964 95
965 95
966 95
967 95
968 95
969 95
970 95
971 95
972 95
973 95
974 95
975 95
976 95
977 95
978 95
979 95
980 95
981 95
982 95
983 95
984 95
985 95
986 95
987 95
988 95
989 95
990 95
991 96
992 96
993 96
994 96
995 96
996 96
997 96
998 96
999 97
1000 97
