1 47
2 49
3 52
4 52
5 53
6 53
7 56
8 56
9 56
10 56
11 56
12 56
13 56
14 56
15 56
16 57
17 57
18 57
19 57
20 57
21 57
22 57
23 57
24 57
25 57
26 57
27 57
28 57
29 57
30 57
31 58
32 59
33 59
34 59
35 59
36 59
37 59
38 59
39 59
40 59
41 59
42 59
43 59
44 59
45 59
46 59
47 59
48 59
49 59
50 59
51 59
52 59
53 59
54 59
55 59
56 59
57 59
58 59
59 59
60 59
61 59
62 59
63 59
64 59
65 59
66 59
67 59
68 59
69 59
70 59
71 59
72 59
73 59
74 59
75 59
76 59
77 59
78 59
79 59
80 59
81 59
82 59
83 59
84 59
85 59
86 59
87 59
88 59
89 59
90 59
91 59
92 59
93 59
94 59
95 59
96 59
97 59
98 59
99 59
100 59
101 59
102 59
103 59
104 59
105 59
106 59
107 59
108 59
109 59
110 59
111 59
112 59
113 59
114 59
115 59
116 59
117 59
118 59
119 59
120 59
121 59
122 59
123 59
124 59
125 59
126 59
127 59
128 59
129 59
130 59
131 59
132 59
133 59
134 59
135 59
136 59
137 59
138 59
139 59
140 59
141 59
142 59
143 59
144 59
145 59
146 59
147 59
148 59
149 59
150 59
151 59
152 59
153 59
154 59
155 59
156 59
157 59
158 59
159 59
160 59
161 59
162 59
163 59
164 59
165 60
166 60
167 60
168 60
169 60
170 60
171 60
172 60
173 60
174 60
175 60
176 60
177 61
178 61
179 61
180 61
181 61
182 61
183 61
184 62
185 62
186 62
187 62
188 62
189 62
190 62
191 62
192 62
193 62
194 62
195 62
196 62
197 62
198 62
199 62
200 62
201 62
202 62
203 62
204 62
205 62
206 62
207 62
208 62
209 62
210 62
211 62
212 62
213 62
214 62
215 62
216 62
217 62
218 62
219 62
220 62
221 62
222 62
223 62
224 62
225 62
226 62
227 62
228 62
229 62
230 62
231 62
232 62
233 62
234 62
235 62
236 62
237 62
238 62
239 62
240 62
241 62
242 62
243 62
244 62
245 62
246 62
247 62
248 62
249 63
250 63
251 63
252 63
253 63
254 63
255 63
256 63
257 63
258 63
259 63
260 63
261 63
262 63
263 63
264 63
265 63
266 63
267 63
268 63
269 63
270 63
271 63
272 63
273 63
274 63
275 63
276 63
277 63
278 63
279 63
280 63
281 63
282 63
283 63
284 63
285 63
286 63
287 63
288 63
289 63
290 63
291 63
292 63
293 63
294 63
295 63
296 63
297 63
298 63
299 63
300 63
301 63
302 63
303 63
304 63
305 63
306 63
307 63
308 63
309 63
310 63
311 63
312 63
313 63
314 63
315 63
316 63
317 63
318 63
319 63
320 63
321 63
322 63
323 63
324 63
325 63
326 63
327 63
328 63
329 63
330 63
331 63
332 63
333 63
334 63
335 63
336 63
337 63
338 63
339 63
340 63
341 63
342 63
343 63
344 63
345 63
346 63
347 63
348 63
349 63
350 63
351 63
352 63
353 63
354 63
355 63
356 63
357 63
358 63
359 63
360 63
361 63
362 63
363 63
364 63
365 63
366 63
367 63
368 63
369 63
370 63
371 63
372 63
373 63
374 63
375 63
376 63
377 63
378 63
379 63
380 63
381 63
382 63
383 63
384 63
385 63
386 63
387 63
388 63
389 63
390 63
391 63
392 63
393 63
394 63
395 63
396 63
397 63
398 63
399 63
400 63
401 63
402 63
403 63
404 63
405 63
406 63
407 63
408 63
409 63
410 63
411 63
412 63
413 63
414 63
415 63
416 63
417 63
418 63
419 63
420 63
421 63
422 63
423 63
424 63
425 63
426 63
427 63
428 63
429 63
430 63
431 63
432 63
433 63
434 63
435 63
436 63
437 63
438 63
439 63
440 63
441 63
442 63
443 63
444 63
445 63
446 63
447 63
448 63
449 63
450 63
451 63
452 63
453 63
454 63
455 63
456 63
457 63
458 63
459 63
460 63
461 63
462 63
463 63
464 63
465 63
466 63
467 63
468 63
469 63
470 63
471 63
472 63
473 63
474 63
475 63
476 63
477 63
478 63
479 63
480 63
481 63
482 63
483 63
484 63
485 64
486 64
487 64
488 64
489 65
490 65
491 65
492 65
493 65
494 65
495 65
496 65
497 65
498 66
499 66
500 66
501 67
502 68
503 68
504 68
505 68
506 69
507 69
508 69
509 69
510 69
511 70
512 70
513 70
514 71
515 71
516 71
517 71
518 71
519 71
520 71
521 71
522 71
523 71
524 71
525 71
526 72
527 72
528 72
529 72
530 73
531 74
532 74
533 74
534 74
535 75
536 75
537 77
538 77
539 77
540 77
541 77
542 77
543 77
544 77
545 77
546 77
547 78
548 78
549 78
550 78
551 79
552 79
553 79
554 79
555 79
556 79
557 79
558 79
559 79
560 79
561 79
562 79
563 80
564 81
565 81
566 81
567 81
568 81
569 81
570 81
571 81
572 81
573 81
574 81
575 82
576 82
577 82
578 82
579 82
580 82
581 82
582 82
583 82
584 83
585 83
586 83
587 83
588 84
589 84
590 84
591 85
592 85
593 85
594 85
595 85
596 85
597 86
598 86
599 86
600 86
601 87
602 87
603 87
604 87
605 87
606 87
607 87
608 87
609 87
610 88
611 88
612 88
613 88
614 88
615 88
616 88
617 90
618 90
619 90
620 90
621 90
622 90
623 90
624 90
625 90
626 90
627 90
628 90
629 90
630 90
631 90
632 90
633 90
634 90
635 90
636 90
637 90
638 90
639 90
640 90
641 90
642 90
643 90
644 90
645 90
646 90
647 90
648 90
649 90
650 90
651 90
652 90
653 90
654 90
655 90
656 90
657 90
658 90
659 90
660 90
661 90
662 90
663 90
664 90
665 90
666 90
667 90
668 90
669 90
670 90
671 90
672 90
673 90
674 91
675 91
676 91
677 91
678 91
679 91
680 91
681 91
682 91
683 91
684 91
685 91
686 91
687 91
688 91
689 91
690 91
691 91
692 91
693 91
694 91
695 91
696 91
697 91
698 91
699 91
700 91
701 91
702 91
703 91
704 91
705 91
706 91
707 91
708 91
709 91
710 92
711 92
712 92
713 92
714 92
715 92
716 92
717 93
718 93
719 93
720 93
721 93
722 93
723 93
724 93
725 93
726 93
727 93
728 93
729 93
730 93
731 93
732 93
733 93
734 93
735 93
736 93
737 93
738 93
739 93
740 93
741 93
742 93
743 93
744 93
745 93
746 93
747 93
748 93
749 93
750 93
751 93
752 93
753 93
754 93
755 93
756 93
757 93
758 93
759 93
760 93
761 93
762 94
763 94
764 94
765 95
766 95
767 95
768 95
769 95
770 95
771 95
772 95
773 95
774 95
775 95
776 95
777 95
778 95
779 95
780 95
781 95
782 95
783 95
784 95
785 95
786 95
787 95
788 95
789 95
790 95
791 95
792 95
793 95
794 95
795 95
796 95
797 95
798 95
799 95
800 95
801 95
802 95
803 95
804 95
805 95
806 95
807 95
808 95
809 95
810 95
811 95
812 95
813 95
814 95
815 95
816 95
817 95
818 95
819 95
820 95
821 95
822 95
823 95
824 95
825 95
826 95
827 96
828 96
829 96
830 96
831 96
832 96
833 96
834 96
835 96
836 96
837 96
838 96
839 96
840 96
841 96
842 96
843 96
844 96
845 96
846 96
847 96
848 96
849 96
850 96
851 96
852 96
853 96
854 96
855 96
856 96
857 96
858 96
859 96
860 96
861 96
862 96
863 96
864 96
865 96
866 96
867 96
868 96
869 96
870 96
871 96
872 96
873 96
874 96
875 96
876 96
877 96
878 96
879 96
880 96
881 96
882 96
883 96
884 96
885 96
886 96
887 96
888 96
889 96
890 96
891 96
892 96
893 96
894 96
895 96
896 96
897 96
898 96
899 96
900 97
901 97
902 97
903 97
904 97
905 97
906 97
907 97
908 97
909 97
910 97
911 97
912 97
913 97
914 97
915 97
916 97
917 97
918 97
919 97
920 97
921 97
922 97
923 97
924 97
925 97
926 97
927 97
928 97
929 97
930 97
931 97
932 97
933 97
934 97
935 97
936 97
937 97
938 97
939 97
940 97
941 97
942 97
943 97
944 97
945 97
946 97
947 97
948 97
949 97
950 97
951 97
952 97
953 97
954 97
955 97
956 97
957 97
958 97
959 97
960 97
961 97
962 98
963 99
964 99
965 99
966 99
967 99
968 99
969 99
970 99
971 99
972 99
973 99
974 99
975 99
976 99
977 99
978 99
979 99
980 99
981 99
982 99
983 99
984 99
985 99
986 99
987 99
988 99
989 99
990 99
991 99
992 99
993 99
994 99
995 99
996 99
997 99
998 99
999 99
1000 99
