1 51
2 51
3 51
4 51
5 51
6 51
7 51
8 51
9 52
10 52
11 52
12 52
13 52
14 52
15 52
16 52
17 52
18 52
19 52
20 53
21 54
22 54
23 56
24 56
25 56
26 56
27 56
28 56
29 56
30 56
31 56
32 56
33 56
34 56
35 56
36 56
37 56
38 56
39 56
40 56
41 56
42 56
43 56
44 56
45 56
46 56
47 56
48 56
49 56
50 56
51 56
52 56
53 56
54 56
55 56
56 56
57 56
58 56
59 58
60 59
61 59
62 59
63 59
64 59
65 59
66 59
67 59
68 59
69 59
70 59
71 59
72 60
73 60
74 60
75 60
76 60
77 60
78 60
79 60
80 60
81 60
82 60
83 60
84 60
85 60
86 60
87 60
88 60
89 60
90 60
91 60
92 60
93 60
94 60
95 60
96 60
97 60
98 60
99 60
100 60
101 60
102 60
103 60
104 60
105 60
106 60
107 60
108 60
109 60
110 60
111 60
112 60
113 60
114 60
115 60
116 60
117 60
118 60
119 60
120 60
121 60
122 60
123 60
124 60
125 60
126 60
127 60
128 60
129 60
130 60
131 60
132 60
133 60
134 60
135 60
136 60
137 60
138 60
139 60
140 60
141 60
142 60
143 60
144 60
145 60
146 60
147 60
148 60
149 60
150 60
151 60
152 60
153 60
154 60
155 60
156 60
157 60
158 60
159 60
160 60
161 60
162 60
163 60
164 60
165 60
166 60
167 60
168 60
169 60
170 60
171 60
172 60
173 60
174 60
175 60
176 60
177 60
178 60
179 60
180 60
181 60
182 60
183 60
184 60
185 60
186 60
187 60
188 60
189 60
190 60
191 60
192 60
193 60
194 60
195 60
196 60
197 60
198 60
199 60
200 60
201 60
202 60
203 60
204 60
205 60
206 60
207 60
208 60
209 60
210 60
211 60
212 60
213 60
214 60
215 60
216 60
217 60
218 60
219 60
220 60
221 60
222 60
223 60
224 60
225 60
226 60
227 60
228 60
229 60
230 60
231 60
232 60
233 60
234 60
235 60
236 60
237 60
238 60
239 60
240 60
241 60
242 60
243 60
244 60
245 60
246 60
247 60
248 60
249 60
250 60
251 60
252 60
253 60
254 60
255 60
256 60
257 60
258 60
259 60
260 60
261 60
262 60
263 60
264 60
265 60
266 60
267 60
268 60
269 60
270 60
271 60
272 60
273 60
274 60
275 60
276 60
277 60
278 60
279 60
280 60
281 60
282 60
283 60
284 60
285 60
286 60
287 60
288 60
289 60
290 60
291 60
292 60
293 60
294 60
295 60
296 60
297 60
298 60
299 60
300 60
301 60
302 60
303 60
304 60
305 60
306 60
307 60
308 60
309 60
310 60
311 60
312 60
313 60
314 60
315 60
316 60
317 60
318 60
319 60
320 60
321 60
322 60
323 60
324 60
325 60
326 60
327 60
328 60
329 60
330 60
331 60
332 60
333 60
334 60
335 60
336 60
337 60
338 60
339 60
340 60
341 60
342 60
343 60
344 60
345 60
346 60
347 60
348 60
349 60
350 60
351 60
352 60
353 60
354 60
355 60
356 60
357 60
358 60
359 60
360 60
361 60
362 60
363 60
364 60
365 60
366 60
367 60
368 60
369 60
370 60
371 60
372 60
373 60
374 60
375 60
376 60
377 60
378 60
379 60
380 60
381 60
382 60
383 60
384 60
385 60
386 60
387 60
388 60
389 60
390 60
391 60
392 60
393 60
394 60
395 60
396 60
397 60
398 60
399 60
400 60
401 60
402 60
403 60
404 60
405 60
406 60
407 60
408 60
409 60
410 60
411 60
412 60
413 60
414 60
415 60
416 60
417 60
418 60
419 60
420 60
421 60
422 60
423 60
424 60
425 60
426 60
427 60
428 60
429 60
430 60
431 60
432 60
433 60
434 60
435 60
436 60
437 60
438 60
439 60
440 60
441 60
442 60
443 60
444 60
445 60
446 60
447 60
448 60
449 60
450 60
451 60
452 60
453 60
454 60
455 60
456 60
457 60
458 60
459 60
460 60
461 60
462 60
463 60
464 60
465 60
466 60
467 61
468 61
469 61
470 61
471 61
472 61
473 61
474 61
475 61
476 61
477 61
478 61
479 61
480 61
481 61
482 61
483 61
484 61
485 61
486 61
487 61
488 61
489 61
490 62
491 62
492 62
493 63
494 64
495 66
496 66
497 66
498 66
499 67
500 67
501 67
502 67
503 67
504 67
505 67
506 67
507 67
508 67
509 67
510 67
511 67
512 67
513 67
514 67
515 67
516 67
517 67
518 67
519 67
520 67
521 68
522 68
523 69
524 70
525 70
526 70
527 71
528 71
529 71
530 71
531 71
532 71
533 72
534 72
535 74
536 74
537 74
538 74
539 74
540 74
541 74
542 74
543 74
544 74
545 74
546 74
547 74
548 74
549 74
550 74
551 74
552 75
553 76
554 76
555 76
556 76
557 76
558 76
559 76
560 76
561 76
562 76
563 76
564 76
565 76
566 76
567 76
568 76
569 76
570 76
571 76
572 76
573 76
574 76
575 76
576 76
577 77
578 77
579 77
580 77
581 77
582 77
583 77
584 77
585 77
586 77
587 77
588 77
589 77
590 77
591 77
592 77
593 77
594 78
595 78
596 78
597 78
598 79
599 79
600 79
601 79
602 79
603 79
604 79
605 80
606 80
607 80
608 80
609 80
610 81
611 81
612 81
613 81
614 81
615 81
616 81
617 81
618 81
619 81
620 81
621 81
622 81
623 81
624 81
625 81
626 81
627 81
628 81
629 81
630 82
631 82
632 82
633 84
634 85
635 85
636 85
637 85
638 85
639 85
640 86
641 86
642 87
643 87
644 87
645 87
646 87
647 87
648 87
649 87
650 87
651 87
652 87
653 87
654 87
655 87
656 87
657 87
658 87
659 87
660 87
661 87
662 87
663 87
664 87
665 87
666 87
667 87
668 87
669 87
670 87
671 87
672 87
673 87
674 87
675 87
676 87
677 87
678 87
679 87
680 87
681 87
682 87
683 87
684 88
685 88
686 89
687 89
688 89
689 89
690 89
691 89
692 89
693 89
694 89
695 89
696 89
697 89
698 89
699 89
700 90
701 90
702 90
703 91
704 91
705 91
706 91
707 91
708 91
709 91
710 91
711 91
712 91
713 91
714 91
715 92
716 92
717 92
718 92
719 92
720 92
721 92
722 92
723 92
724 92
725 92
726 92
727 92
728 92
729 93
730 93
731 93
732 93
733 93
734 93
735 94
736 94
737 94
738 94
739 94
740 94
741 94
742 94
743 94
744 94
745 94
746 94
747 94
748 94
749 94
750 94
751 94
752 94
753 94
754 94
755 94
756 94
757 94
758 94
759 94
760 94
761 94
762 94
763 94
764 94
765 94
766 94
767 94
768 94
769 94
770 94
771 94
772 94
773 94
774 94
775 94
776 94
777 94
778 94
779 94
780 94
781 94
782 94
783 94
784 94
785 94
786 94
787 94
788 94
789 94
790 94
791 94
792 94
793 94
794 94
795 94
796 94
797 94
798 95
799 95
800 95
801 95
802 95
803 95
804 95
805 95
806 95
807 95
808 95
809 95
810 95
811 95
812 95
813 95
814 95
815 95
816 95
817 95
818 95
819 95
820 95
821 95
822 95
823 95
824 95
825 95
826 95
827 95
828 95
829 95
830 95
831 95
832 95
833 95
834 95
835 95
836 95
837 95
838 95
839 95
840 95
841 95
842 95
843 95
844 95
845 95
846 95
847 95
848 95
849 95
850 95
851 95
852 95
853 95
854 95
855 95
856 95
857 95
858 95
859 95
860 95
861 95
862 96
863 96
864 96
865 96
866 96
867 96
868 96
869 96
870 96
871 96
872 96
873 96
874 96
875 96
876 96
877 96
878 96
879 96
880 96
881 96
882 96
883 96
884 96
885 96
886 96
887 96
888 96
889 96
890 96
891 96
892 96
893 96
894 96
895 96
896 96
897 96
898 96
899 96
900 96
901 96
902 96
903 96
904 96
905 96
906 96
907 96
908 96
909 96
910 96
911 96
912 96
913 96
914 96
915 96
916 96
917 96
918 96
919 96
920 96
921 96
922 96
923 96
924 96
925 96
926 96
927 96
928 97
929 97
930 97
931 97
932 97
933 97
934 97
935 97
936 97
937 97
938 97
939 97
940 97
941 97
942 97
943 97
944 97
945 97
946 97
947 97
948 97
949 97
950 97
951 97
952 97
953 97
954 97
955 97
956 97
957 97
958 97
959 97
960 97
961 98
962 98
963 98
964 98
965 98
966 98
967 98
968 98
969 98
970 98
971 98
972 98
973 98
974 98
975 98
976 98
977 98
978 98
979 98
980 98
981 98
982 98
983 98
984 99
985 99
986 99
987 99
988 99
989 99
990 99
991 99
992 99
993 99
994 99
995 99
996 99
997 99
998 99
999 99
1000 99
