1 53
2 54
3 56
4 56
5 56
6 56
7 56
8 56
9 56
10 56
11 56
12 56
13 56
14 56
15 56
16 56
17 56
18 56
19 56
20 56
21 56
22 56
23 56
24 56
25 56
26 56
27 56
28 56
29 56
30 56
31 56
32 56
33 56
34 56
35 56
36 56
37 56
38 56
39 56
40 56
41 56
42 56
43 56
44 56
45 56
46 56
47 56
48 56
49 56
50 56
51 56
52 56
53 56
54 56
55 56
56 56
57 56
58 56
59 56
60 56
61 56
62 56
63 56
64 56
65 56
66 56
67 56
68 56
69 56
70 56
71 56
72 56
73 56
74 56
75 56
76 56
77 56
78 56
79 56
80 56
81 56
82 56
83 56
84 56
85 56
86 56
87 56
88 56
89 56
90 56
91 56
92 56
93 56
94 56
95 56
96 56
97 56
98 56
99 56
100 56
101 56
102 56
103 56
104 56
105 56
106 56
107 56
108 56
109 56
110 56
111 56
112 56
113 56
114 56
115 56
116 56
117 56
118 56
119 56
120 56
121 56
122 56
123 56
124 56
125 56
126 56
127 56
128 56
129 56
130 56
131 56
132 56
133 56
134 56
135 56
136 56
137 56
138 56
139 56
140 56
141 56
142 56
143 56
144 56
145 56
146 56
147 56
148 56
149 56
150 56
151 56
152 56
153 56
154 56
155 56
156 56
157 57
158 58
159 58
160 59
161 60
162 60
163 60
164 60
165 60
166 60
167 60
168 60
169 60
170 60
171 60
172 60
173 60
174 60
175 60
176 60
177 60
178 60
179 60
180 60
181 60
182 60
183 60
184 60
185 60
186 60
187 60
188 60
189 60
190 60
191 60
192 60
193 61
194 62
195 62
196 62
197 62
198 62
199 62
200 62
201 64
202 64
203 64
204 64
205 64
206 64
207 64
208 64
209 64
210 64
211 64
212 64
213 64
214 64
215 64
216 64
217 64
218 64
219 64
220 64
221 64
222 64
223 64
224 64
225 64
226 64
227 64
228 64
229 64
230 64
231 64
232 64
233 64
234 64
235 64
236 64
237 64
238 64
239 64
240 64
241 64
242 64
243 64
244 64
245 64
246 64
247 64
248 64
249 64
250 64
251 64
252 64
253 64
254 64
255 64
256 64
257 64
258 64
259 64
260 64
261 64
262 64
263 64
264 64
265 64
266 64
267 64
268 64
269 64
270 64
271 64
272 64
273 64
274 64
275 64
276 64
277 64
278 64
279 64
280 64
281 64
282 64
283 64
284 64
285 64
286 64
287 64
288 64
289 64
290 64
291 64
292 64
293 64
294 64
295 64
296 64
297 64
298 64
299 64
300 64
301 64
302 64
303 64
304 64
305 64
306 64
307 64
308 64
309 64
310 64
311 64
312 64
313 64
314 64
315 64
316 64
317 64
318 64
319 64
320 64
321 64
322 64
323 64
324 64
325 64
326 64
327 64
328 64
329 64
330 64
331 64
332 64
333 64
334 64
335 64
336 64
337 64
338 64
339 64
340 64
341 64
342 64
343 64
344 64
345 64
346 64
347 64
348 64
349 64
350 64
351 64
352 64
353 64
354 64
355 64
356 64
357 64
358 64
359 64
360 64
361 64
362 64
363 64
364 64
365 64
366 64
367 64
368 64
369 64
370 64
371 64
372 64
373 64
374 64
375 64
376 64
377 64
378 64
379 64
380 64
381 64
382 64
383 64
384 64
385 64
386 64
387 64
388 64
389 64
390 64
391 64
392 64
393 64
394 64
395 64
396 64
397 64
398 64
399 64
400 64
401 64
402 64
403 64
404 64
405 64
406 64
407 64
408 64
409 64
410 64
411 64
412 64
413 64
414 64
415 64
416 64
417 64
418 64
419 64
420 64
421 64
422 64
423 64
424 64
425 64
426 65
427 65
428 66
429 66
430 66
431 66
432 66
433 68
434 68
435 68
436 68
437 68
438 68
439 68
440 68
441 68
442 68
443 68
444 68
445 68
446 68
447 68
448 68
449 68
450 68
451 68
452 68
453 68
454 70
455 71
456 71
457 71
458 71
459 71
460 71
461 71
462 72
463 72
464 72
465 72
466 72
467 72
468 72
469 72
470 72
471 72
472 72
473 73
474 73
475 73
476 73
477 73
478 73
479 73
480 73
481 73
482 73
483 73
484 73
485 73
486 73
487 73
488 73
489 73
490 73
491 73
492 73
493 73
494 73
495 73
496 73
497 73
498 73
499 73
500 73
501 73
502 73
503 73
504 73
505 73
506 73
507 73
508 73
509 73
510 73
511 73
512 73
513 73
514 73
515 73
516 73
517 73
518 73
519 73
520 73
521 73
522 73
523 73
524 73
525 73
526 73
527 73
528 73
529 73
530 74
531 74
532 74
533 74
534 75
535 75
536 75
537 75
538 75
539 75
540 75
541 75
542 75
543 75
544 75
545 76
546 76
547 77
548 77
549 77
550 77
551 77
552 77
553 78
554 78
555 79
556 79
557 79
558 79
559 79
560 79
561 79
562 79
563 79
564 79
565 79
566 79
567 79
568 79
569 79
570 80
571 80
572 80
573 80
574 82
575 82
576 82
577 82
578 82
579 82
580 82
581 82
582 82
583 82
584 82
585 83
586 83
587 83
588 83
589 84
590 84
591 84
592 84
593 84
594 84
595 85
596 85
597 85
598 85
599 85
600 86
601 86
602 86
603 86
604 86
605 86
606 86
607 86
608 86
609 86
610 86
611 86
612 86
613 86
614 86
615 86
616 86
617 86
618 86
619 86
620 86
621 86
622 86
623 86
624 88
625 88
626 88
627 88
628 88
629 88
630 88
631 88
632 88
633 88
634 88
635 88
636 88
637 88
638 88
639 88
640 88
641 89
642 89
643 89
644 89
645 89
646 89
647 89
648 89
649 89
650 89
651 89
652 89
653 89
654 89
655 89
656 89
657 89
658 89
659 89
660 89
661 89
662 89
663 89
664 89
665 89
666 89
667 90
668 90
669 90
670 90
671 90
672 90
673 91
674 91
675 91
676 91
677 91
678 91
679 91
680 91
681 91
682 91
683 91
684 91
685 91
686 91
687 91
688 91
689 91
690 91
691 91
692 91
693 91
694 91
695 91
696 91
697 91
698 91
699 91
700 91
701 91
702 91
703 91
704 91
705 91
706 92
707 92
708 92
709 93
710 93
711 93
712 93
713 93
714 93
715 93
716 93
717 93
718 93
719 93
720 93
721 93
722 93
723 93
724 93
725 93
726 93
727 93
728 93
729 93
730 93
731 93
732 93
733 93
734 93
735 93
736 94
737 94
738 94
739 94
740 94
741 94
742 94
743 94
744 94
745 94
746 94
747 94
748 94
749 94
750 94
751 94
752 94
753 94
754 94
755 94
756 94
757 94
758 94
759 94
760 94
761 94
762 94
763 94
764 94
765 94
766 94
767 94
768 94
769 94
770 94
771 94
772 94
773 94
774 94
775 94
776 94
777 94
778 94
779 94
780 94
781 94
782 94
783 94
784 94
785 94
786 94
787 94
788 94
789 94
790 94
791 94
792 94
793 94
794 94
795 94
796 94
797 94
798 94
799 94
800 94
801 94
802 94
803 94
804 94
805 94
806 94
807 94
808 94
809 94
810 94
811 94
812 94
813 95
814 95
815 95
816 95
817 95
818 95
819 95
820 95
821 95
822 96
823 96
824 96
825 96
826 96
827 96
828 96
829 96
830 96
831 96
832 96
833 96
834 96
835 96
836 96
837 96
838 96
839 96
840 96
841 96
842 96
843 96
844 96
845 96
846 96
847 96
848 96
849 96
850 96
851 96
852 96
853 96
854 96
855 96
856 96
857 96
858 96
859 96
860 96
861 96
862 96
863 96
864 96
865 96
866 96
867 96
868 96
869 96
870 96
871 96
872 96
873 96
874 96
875 96
876 96
877 96
878 96
879 96
880 96
881 96
882 96
883 96
884 96
885 96
886 96
887 96
888 96
889 96
890 96
891 96
892 96
893 96
894 96
895 96
896 96
897 96
898 96
899 96
900 96
901 96
902 96
903 96
904 96
905 96
906 96
907 96
908 96
909 96
910 96
911 96
912 96
913 96
914 96
915 96
916 96
917 96
918 96
919 96
920 96
921 96
922 96
923 96
924 96
925 96
926 96
927 96
928 97
929 97
930 97
931 97
932 97
933 97
934 97
935 97
936 97
937 97
938 97
939 97
940 97
941 97
942 97
943 97
944 97
945 97
946 97
947 97
948 97
949 97
950 97
951 97
952 97
953 97
954 97
955 97
956 97
957 97
958 97
959 97
960 97
961 97
962 97
963 97
964 97
965 97
966 97
967 97
968 98
969 98
970 98
971 98
972 98
973 98
974 98
975 98
976 98
977 98
978 98
979 98
980 98
981 98
982 98
983 98
984 98
985 98
986 98
987 98
988 98
989 98
990 98
991 98
992 98
993 98
994 98
995 98
996 98
997 98
998 98
999 98
1000 98
