1 48
2 48
3 48
4 49
5 49
6 49
7 49
8 49
9 49
10 49
11 49
12 49
13 49
14 49
15 49
16 49
17 49
18 49
19 50
20 51
21 52
22 52
23 52
24 52
25 53
26 53
27 53
28 53
29 53
30 53
31 53
32 53
33 53
34 53
35 53
36 53
37 53
38 53
39 53
40 53
41 53
42 53
43 53
44 53
45 53
46 53
47 53
48 53
49 53
50 53
51 54
52 55
53 55
54 55
55 56
56 56
57 56
58 56
59 56
60 56
61 56
62 56
63 56
64 56
65 56
66 56
67 56
68 56
69 56
70 56
71 56
72 56
73 56
74 56
75 56
76 56
77 56
78 56
79 56
80 56
81 56
82 56
83 56
84 56
85 56
86 56
87 56
88 56
89 56
90 56
91 56
92 56
93 56
94 56
95 56
96 56
97 56
98 56
99 56
100 56
101 56
102 56
103 56
104 56
105 56
106 56
107 56
108 56
109 56
110 56
111 56
112 56
113 56
114 56
115 56
116 56
117 56
118 56
119 56
120 56
121 56
122 56
123 56
124 56
125 56
126 56
127 56
128 56
129 56
130 56
131 56
132 56
133 56
134 56
135 56
136 56
137 56
138 56
139 56
140 56
141 56
142 56
143 56
144 56
145 56
146 56
147 56
148 56
149 56
150 56
151 56
152 56
153 56
154 56
155 56
156 56
157 56
158 56
159 56
160 56
161 56
162 56
163 56
164 56
165 56
166 57
167 57
168 57
169 57
170 57
171 57
172 57
173 57
174 57
175 57
176 57
177 57
178 57
179 57
180 58
181 58
182 58
183 58
184 60
185 61
186 63
187 63
188 63
189 63
190 63
191 63
192 63
193 63
194 63
195 63
196 63
197 63
198 63
199 63
200 63
201 63
202 63
203 63
204 63
205 63
206 63
207 63
208 63
209 63
210 63
211 63
212 63
213 63
214 63
215 63
216 63
217 63
218 63
219 63
220 63
221 63
222 63
223 63
224 63
225 63
226 63
227 63
228 63
229 63
230 63
231 63
232 63
233 63
234 63
235 63
236 63
237 63
238 63
239 63
240 63
241 63
242 63
243 63
244 63
245 63
246 63
247 63
248 63
249 63
250 63
251 63
252 63
253 63
254 63
255 63
256 63
257 63
258 63
259 63
260 63
261 63
262 63
263 63
264 63
265 63
266 63
267 63
268 63
269 63
270 63
271 63
272 63
273 63
274 63
275 63
276 63
277 63
278 63
279 63
280 63
281 63
282 63
283 63
284 63
285 63
286 63
287 63
288 63
289 63
290 63
291 63
292 63
293 63
294 63
295 63
296 63
297 63
298 63
299 63
300 63
301 63
302 63
303 63
304 63
305 63
306 63
307 63
308 63
309 63
310 63
311 63
312 63
313 63
314 63
315 63
316 63
317 63
318 63
319 63
320 63
321 63
322 63
323 63
324 63
325 63
326 63
327 63
328 63
329 63
330 63
331 63
332 63
333 63
334 63
335 63
336 63
337 63
338 63
339 63
340 63
341 63
342 63
343 63
344 63
345 63
346 63
347 63
348 63
349 63
350 63
351 63
352 63
353 63
354 63
355 63
356 63
357 63
358 63
359 63
360 63
361 63
362 63
363 63
364 63
365 63
366 63
367 63
368 63
369 63
370 63
371 63
372 63
373 63
374 63
375 63
376 63
377 63
378 63
379 63
380 63
381 63
382 63
383 63
384 63
385 63
386 63
387 63
388 63
389 63
390 63
391 63
392 63
393 63
394 63
395 63
396 63
397 63
398 63
399 63
400 63
401 63
402 63
403 63
404 63
405 63
406 63
407 63
408 63
409 63
410 63
411 63
412 63
413 63
414 63
415 63
416 63
417 63
418 63
419 63
420 63
421 63
422 63
423 63
424 63
425 63
426 63
427 63
428 63
429 63
430 63
431 63
432 63
433 63
434 63
435 63
436 63
437 63
438 63
439 63
440 63
441 63
442 63
443 63
444 63
445 63
446 63
447 63
448 63
449 63
450 63
451 63
452 63
453 63
454 63
455 63
456 63
457 63
458 63
459 63
460 63
461 63
462 63
463 63
464 63
465 63
466 63
467 63
468 63
469 63
470 63
471 63
472 63
473 63
474 63
475 63
476 63
477 63
478 63
479 63
480 63
481 63
482 64
483 64
484 64
485 64
486 64
487 66
488 66
489 67
490 67
491 67
492 68
493 68
494 68
495 68
496 68
497 68
498 68
499 68
500 68
501 68
502 68
503 68
504 68
505 68
506 68
507 69
508 70
509 71
510 72
511 72
512 72
513 72
514 72
515 72
516 72
517 72
518 72
519 72
520 73
521 73
522 74
523 75
524 75
525 75
526 76
527 77
528 78
529 78
530 78
531 78
532 78
533 78
534 78
535 78
536 78
537 78
538 78
539 78
540 79
541 79
542 79
543 79
544 79
545 79
546 79
547 80
548 80
549 80
550 80
551 80
552 80
553 80
554 80
555 80
556 80
557 80
558 80
559 80
560 80
561 80
562 80
563 80
564 80
565 81
566 81
567 81
568 81
569 81
570 81
571 81
572 81
573 81
574 81
575 81
576 81
577 81
578 81
579 81
580 81
581 82
582 82
583 82
584 82
585 82
586 82
587 82
588 82
589 82
590 82
591 82
592 82
593 82
594 82
595 82
596 82
597 82
598 82
599 82
600 82
601 82
602 82
603 82
604 82
605 82
606 82
607 82
608 82
609 82
610 82
611 83
612 83
613 83
614 84
615 84
616 84
617 84
618 84
619 84
620 84
621 84
622 84
623 84
624 84
625 84
626 84
627 84
628 84
629 84
630 84
631 84
632 84
633 84
634 84
635 85
636 85
637 85
638 85
639 85
640 85
641 85
642 85
643 85
644 86
645 87
646 87
647 87
648 87
649 87
650 87
651 87
652 87
653 87
654 87
655 87
656 87
657 88
658 88
659 88
660 88
661 88
662 88
663 89
664 89
665 89
666 89
667 89
668 89
669 89
670 89
671 89
672 89
673 89
674 89
675 89
676 89
677 89
678 89
679 89
680 89
681 89
682 89
683 89
684 89
685 90
686 90
687 90
688 90
689 90
690 90
691 90
692 90
693 90
694 90
695 90
696 90
697 90
698 90
699 90
700 90
701 90
702 90
703 90
704 90
705 90
706 90
707 90
708 90
709 90
710 90
711 90
712 90
713 90
714 90
715 90
716 90
717 90
718 90
719 90
720 90
721 90
722 90
723 90
724 90
725 90
726 90
727 90
728 90
729 90
730 90
731 90
732 90
733 90
734 90
735 90
736 90
737 90
738 90
739 90
740 90
741 90
742 90
743 90
744 90
745 90
746 90
747 90
748 90
749 90
750 90
751 90
752 90
753 90
754 90
755 90
756 90
757 90
758 90
759 90
760 90
761 90
762 90
763 90
764 90
765 90
766 90
767 90
768 90
769 90
770 90
771 90
772 90
773 90
774 90
775 90
776 90
777 90
778 90
779 90
780 90
781 90
782 90
783 90
784 90
785 90
786 90
787 90
788 90
789 90
790 90
791 90
792 90
793 90
794 90
795 90
796 90
797 90
798 90
799 90
800 90
801 90
802 91
803 91
804 91
805 92
806 92
807 92
808 92
809 92
810 92
811 92
812 92
813 92
814 92
815 92
816 92
817 93
818 93
819 93
820 93
821 93
822 93
823 93
824 93
825 93
826 93
827 93
828 93
829 93
830 93
831 93
832 93
833 93
834 93
835 93
836 93
837 93
838 93
839 93
840 93
841 93
842 93
843 93
844 93
845 93
846 93
847 93
848 93
849 93
850 93
851 93
852 93
853 93
854 93
855 93
856 93
857 93
858 93
859 93
860 93
861 93
862 93
863 93
864 93
865 93
866 93
867 93
868 93
869 93
870 93
871 93
872 93
873 93
874 93
875 93
876 93
877 93
878 93
879 93
880 93
881 93
882 93
883 93
884 93
885 93
886 93
887 93
888 93
889 93
890 93
891 93
892 93
893 93
894 93
895 93
896 93
897 93
898 93
899 93
900 93
901 93
902 93
903 93
904 93
905 93
906 93
907 93
908 93
909 93
910 93
911 93
912 93
913 93
914 93
915 93
916 93
917 93
918 93
919 93
920 93
921 93
922 93
923 93
924 93
925 93
926 93
927 93
928 93
929 93
930 93
931 93
932 93
933 93
934 93
935 93
936 93
937 93
938 93
939 93
940 93
941 93
942 93
943 93
944 93
945 93
946 93
947 93
948 93
949 93
950 93
951 93
952 93
953 93
954 93
955 93
956 93
957 93
958 93
959 93
960 93
961 93
962 93
963 93
964 93
965 93
966 93
967 93
968 93
969 93
970 93
971 93
972 93
973 93
974 93
975 93
976 93
977 93
978 93
979 93
980 93
981 93
982 93
983 93
984 93
985 93
986 93
987 93
988 93
989 93
990 93
991 93
992 93
993 93
994 93
995 93
996 93
997 93
998 93
999 93
1000 93
