1 43
2 43
3 43
4 45
5 45
6 46
7 48
8 49
9 49
10 49
11 49
12 49
13 49
14 49
15 49
16 49
17 49
18 49
19 49
20 49
21 49
22 49
23 49
24 49
25 49
26 49
27 49
28 50
29 52
30 52
31 52
32 52
33 52
34 52
35 52
36 52
37 52
38 52
39 52
40 52
41 52
42 52
43 52
44 52
45 52
46 52
47 52
48 52
49 52
50 52
51 52
52 52
53 52
54 52
55 53
56 53
57 53
58 53
59 53
60 53
61 53
62 54
63 54
64 54
65 54
66 54
67 54
68 54
69 54
70 54
71 54
72 54
73 54
74 54
75 54
76 54
77 54
78 54
79 54
80 56
81 56
82 56
83 57
84 57
85 57
86 57
87 57
88 57
89 57
90 57
91 57
92 57
93 57
94 57
95 58
96 59
97 59
98 59
99 59
100 59
101 59
102 59
103 59
104 60
105 60
106 60
107 60
108 60
109 60
110 60
111 60
112 60
113 60
114 60
115 60
116 60
117 60
118 60
119 60
120 60
121 60
122 60
123 60
124 60
125 60
126 60
127 60
128 60
129 60
130 60
131 60
132 60
133 60
134 60
135 60
136 60
137 60
138 60
139 60
140 60
141 60
142 60
143 60
144 60
145 60
146 60
147 60
148 60
149 60
150 60
151 60
152 60
153 60
154 60
155 60
156 60
157 60
158 60
159 60
160 60
161 60
162 60
163 60
164 60
165 60
166 60
167 60
168 60
169 60
170 60
171 60
172 60
173 60
174 60
175 60
176 60
177 60
178 60
179 60
180 60
181 60
182 60
183 60
184 60
185 60
186 60
187 60
188 60
189 60
190 60
191 60
192 60
193 60
194 60
195 60
196 60
197 60
198 60
199 60
200 60
201 60
202 60
203 60
204 60
205 60
206 60
207 60
208 60
209 60
210 60
211 60
212 60
213 60
214 60
215 60
216 60
217 60
218 60
219 60
220 60
221 60
222 60
223 60
224 60
225 60
226 60
227 60
228 60
229 60
230 60
231 60
232 60
233 60
234 60
235 60
236 60
237 60
238 60
239 60
240 60
241 60
242 60
243 60
244 60
245 60
246 60
247 60
248 60
249 60
250 60
251 60
252 60
253 60
254 60
255 60
256 60
257 60
258 60
259 60
260 60
261 60
262 60
263 60
264 60
265 60
266 60
267 60
268 60
269 60
270 60
271 60
272 60
273 60
274 60
275 60
276 61
277 62
278 62
279 62
280 62
281 62
282 62
283 62
284 62
285 62
286 62
287 62
288 62
289 62
290 62
291 62
292 62
293 62
294 62
295 62
296 62
297 62
298 62
299 62
300 62
301 62
302 62
303 62
304 62
305 62
306 62
307 62
308 62
309 62
310 62
311 62
312 62
313 62
314 62
315 62
316 62
317 62
318 62
319 62
320 62
321 62
322 62
323 62
324 62
325 62
326 62
327 62
328 62
329 62
330 62
331 62
332 62
333 62
334 62
335 62
336 62
337 62
338 62
339 62
340 62
341 62
342 62
343 62
344 62
345 62
346 62
347 62
348 62
349 62
350 62
351 62
352 62
353 62
354 62
355 62
356 62
357 62
358 62
359 62
360 62
361 62
362 62
363 62
364 62
365 62
366 62
367 62
368 62
369 62
370 62
371 62
372 62
373 62
374 62
375 62
376 62
377 62
378 62
379 62
380 62
381 62
382 62
383 62
384 62
385 62
386 62
387 62
388 62
389 62
390 62
391 62
392 62
393 62
394 62
395 62
396 62
397 62
398 62
399 62
400 62
401 62
402 62
403 62
404 62
405 62
406 62
407 62
408 62
409 62
410 62
411 62
412 62
413 62
414 62
415 62
416 62
417 62
418 62
419 62
420 62
421 62
422 62
423 62
424 62
425 62
426 62
427 62
428 62
429 62
430 62
431 62
432 62
433 62
434 62
435 62
436 62
437 62
438 62
439 62
440 63
441 63
442 63
443 63
444 63
445 63
446 63
447 63
448 63
449 63
450 64
451 64
452 64
453 64
454 64
455 64
456 64
457 64
458 64
459 64
460 64
461 64
462 64
463 64
464 64
465 64
466 64
467 64
468 64
469 64
470 64
471 65
472 66
473 67
474 67
475 67
476 67
477 67
478 67
479 67
480 67
481 67
482 67
483 67
484 67
485 67
486 67
487 67
488 67
489 67
490 67
491 67
492 67
493 67
494 67
495 67
496 67
497 67
498 67
499 67
500 67
501 67
502 67
503 67
504 67
505 67
506 67
507 67
508 67
509 67
510 67
511 67
512 67
513 67
514 67
515 67
516 67
517 67
518 67
519 67
520 67
521 67
522 67
523 67
524 67
525 67
526 67
527 67
528 67
529 67
530 67
531 67
532 67
533 67
534 68
535 68
536 70
537 70
538 70
539 70
540 71
541 71
542 71
543 71
544 71
545 72
546 72
547 72
548 72
549 72
550 72
551 73
552 73
553 73
554 74
555 74
556 74
557 74
558 74
559 74
560 74
561 74
562 74
563 74
564 75
565 75
566 75
567 75
568 75
569 76
570 77
571 77
572 77
573 77
574 77
575 77
576 77
577 77
578 77
579 77
580 77
581 77
582 77
583 77
584 77
585 77
586 78
587 78
588 78
589 78
590 78
591 78
592 78
593 78
594 78
595 78
596 78
597 78
598 78
599 79
600 79
601 79
602 80
603 80
604 80
605 80
606 80
607 80
608 80
609 80
610 82
611 84
612 84
613 84
614 84
615 84
616 84
617 84
618 84
619 84
620 84
621 84
622 84
623 84
624 84
625 84
626 84
627 84
628 84
629 84
630 84
631 84
632 84
633 84
634 84
635 84
636 84
637 84
638 84
639 84
640 84
641 84
642 84
643 84
644 84
645 84
646 84
647 85
648 85
649 85
650 85
651 85
652 85
653 85
654 85
655 85
656 86
657 86
658 86
659 86
660 86
661 86
662 86
663 86
664 86
665 86
666 86
667 86
668 86
669 88
670 88
671 88
672 88
673 88
674 88
675 88
676 88
677 88
678 88
679 88
680 88
681 88
682 89
683 89
684 89
685 89
686 89
687 89
688 89
689 89
690 89
691 89
692 89
693 89
694 89
695 89
696 89
697 89
698 89
699 89
700 89
701 89
702 89
703 89
704 89
705 90
706 90
707 90
708 90
709 91
710 91
711 91
712 91
713 91
714 91
715 91
716 91
717 91
718 91
719 91
720 91
721 91
722 91
723 91
724 91
725 91
726 91
727 91
728 91
729 91
730 91
731 91
732 91
733 91
734 91
735 91
736 91
737 91
738 91
739 91
740 91
741 91
742 91
743 91
744 91
745 92
746 92
747 92
748 92
749 92
750 92
751 92
752 92
753 92
754 92
755 92
756 92
757 92
758 92
759 92
760 92
761 92
762 92
763 92
764 92
765 92
766 92
767 92
768 94
769 94
770 94
771 94
772 94
773 94
774 94
775 94
776 94
777 94
778 94
779 94
780 94
781 94
782 94
783 94
784 94
785 94
786 94
787 94
788 94
789 94
790 94
791 94
792 94
793 94
794 94
795 94
796 94
797 94
798 94
799 94
800 94
801 94
802 94
803 94
804 94
805 94
806 94
807 94
808 94
809 94
810 94
811 94
812 94
813 94
814 94
815 94
816 94
817 94
818 94
819 94
820 94
821 94
822 94
823 94
824 94
825 94
826 94
827 94
828 94
829 94
830 94
831 94
832 94
833 94
834 94
835 94
836 94
837 94
838 94
839 94
840 94
841 94
842 94
843 94
844 94
845 94
846 94
847 94
848 94
849 94
850 94
851 94
852 94
853 94
854 94
855 94
856 94
857 94
858 94
859 94
860 94
861 94
862 94
863 94
864 94
865 94
866 94
867 94
868 94
869 94
870 94
871 94
872 94
873 94
874 94
875 94
876 94
877 94
878 94
879 94
880 94
881 94
882 94
883 94
884 94
885 94
886 94
887 94
888 94
889 94
890 94
891 94
892 94
893 94
894 94
895 94
896 94
897 94
898 94
899 94
900 94
901 94
902 94
903 94
904 94
905 94
906 94
907 94
908 94
909 94
910 94
911 94
912 94
913 94
914 94
915 94
916 94
917 94
918 94
919 95
920 95
921 95
922 95
923 95
924 95
925 95
926 95
927 95
928 95
929 95
930 95
931 95
932 95
933 95
934 95
935 95
936 95
937 95
938 95
939 95
940 95
941 95
942 95
943 95
944 95
945 95
946 95
947 95
948 95
949 95
950 95
951 95
952 95
953 95
954 95
955 95
956 95
957 95
958 95
959 95
960 95
961 95
962 95
963 95
964 95
965 95
966 95
967 95
968 95
969 95
970 95
971 95
972 95
973 95
974 95
975 95
976 95
977 95
978 95
979 95
980 95
981 95
982 95
983 95
984 95
985 95
986 95
987 95
988 95
989 95
990 95
991 95
992 95
993 95
994 95
995 95
996 95
997 95
998 95
999 95
1000 95
