1 53
2 53
3 53
4 53
5 53
6 53
7 53
8 53
9 54
10 55
11 55
12 55
13 55
14 55
15 55
16 55
17 55
18 55
19 55
20 55
21 55
22 55
23 55
24 55
25 55
26 55
27 55
28 55
29 55
30 55
31 55
32 55
33 55
34 55
35 55
36 55
37 55
38 55
39 55
40 55
41 55
42 55
43 55
44 55
45 55
46 55
47 55
48 55
49 55
50 55
51 55
52 55
53 55
54 55
55 55
56 55
57 55
58 55
59 55
60 55
61 55
62 55
63 55
64 55
65 55
66 55
67 55
68 55
69 55
70 55
71 55
72 55
73 55
74 55
75 55
76 55
77 55
78 55
79 55
80 55
81 55
82 55
83 55
84 55
85 55
86 55
87 55
88 55
89 55
90 55
91 55
92 55
93 55
94 55
95 55
96 55
97 55
98 55
99 55
100 55
101 55
102 55
103 55
104 55
105 55
106 55
107 55
108 55
109 55
110 55
111 55
112 55
113 55
114 55
115 55
116 55
117 55
118 55
119 55
120 55
121 55
122 55
123 55
124 55
125 55
126 55
127 55
128 55
129 55
130 55
131 55
132 55
133 55
134 55
135 55
136 55
137 55
138 55
139 55
140 55
141 55
142 55
143 55
144 55
145 55
146 55
147 55
148 55
149 55
150 55
151 55
152 55
153 55
154 55
155 55
156 55
157 55
158 55
159 55
160 55
161 55
162 55
163 55
164 55
165 55
166 55
167 55
168 55
169 55
170 55
171 55
172 55
173 55
174 55
175 55
176 55
177 55
178 55
179 55
180 55
181 55
182 55
183 55
184 55
185 55
186 55
187 55
188 55
189 55
190 55
191 55
192 55
193 55
194 55
195 55
196 55
197 55
198 55
199 55
200 55
201 55
202 55
203 55
204 55
205 55
206 55
207 55
208 55
209 55
210 55
211 55
212 55
213 55
214 55
215 55
216 55
217 55
218 55
219 55
220 55
221 55
222 55
223 55
224 55
225 55
226 55
227 55
228 55
229 55
230 55
231 55
232 55
233 55
234 55
235 55
236 55
237 55
238 55
239 55
240 55
241 55
242 55
243 55
244 55
245 55
246 55
247 55
248 55
249 55
250 55
251 55
252 55
253 55
254 55
255 55
256 55
257 55
258 55
259 55
260 55
261 56
262 56
263 57
264 57
265 58
266 58
267 58
268 58
269 59
270 61
271 61
272 61
273 62
274 63
275 64
276 64
277 65
278 65
279 65
280 65
281 65
282 65
283 65
284 65
285 65
286 65
287 65
288 65
289 65
290 65
291 65
292 65
293 65
294 65
295 65
296 65
297 65
298 65
299 65
300 65
301 65
302 65
303 65
304 65
305 65
306 65
307 65
308 65
309 65
310 65
311 65
312 65
313 65
314 65
315 65
316 65
317 65
318 65
319 65
320 65
321 65
322 65
323 65
324 65
325 65
326 65
327 65
328 65
329 65
330 65
331 65
332 65
333 65
334 65
335 65
336 65
337 65
338 65
339 65
340 65
341 65
342 65
343 65
344 65
345 65
346 65
347 65
348 65
349 65
350 65
351 65
352 65
353 65
354 65
355 65
356 65
357 65
358 65
359 65
360 65
361 65
362 65
363 65
364 65
365 65
366 65
367 65
368 65
369 65
370 65
371 65
372 65
373 65
374 65
375 65
376 65
377 65
378 65
379 65
380 65
381 65
382 65
383 65
384 65
385 65
386 65
387 65
388 65
389 65
390 65
391 65
392 65
393 65
394 65
395 65
396 65
397 65
398 65
399 65
400 65
401 65
402 65
403 65
404 65
405 65
406 65
407 65
408 65
409 65
410 65
411 65
412 65
413 65
414 65
415 65
416 65
417 65
418 65
419 65
420 65
421 65
422 65
423 65
424 65
425 65
426 65
427 65
428 65
429 65
430 65
431 65
432 65
433 65
434 65
435 65
436 65
437 65
438 65
439 65
440 65
441 65
442 65
443 65
444 65
445 65
446 65
447 65
448 65
449 65
450 65
451 65
452 65
453 65
454 65
455 65
456 65
457 65
458 65
459 65
460 65
461 65
462 65
463 65
464 65
465 65
466 65
467 65
468 65
469 65
470 65
471 65
472 65
473 65
474 65
475 65
476 65
477 65
478 65
479 65
480 65
481 65
482 65
483 65
484 65
485 65
486 65
487 65
488 65
489 65
490 65
491 65
492 65
493 65
494 65
495 65
496 65
497 65
498 65
499 65
500 65
501 65
502 65
503 65
504 65
505 67
506 67
507 67
508 68
509 68
510 70
511 70
512 70
513 70
514 70
515 70
516 70
517 70
518 70
519 70
520 70
521 71
522 71
523 71
524 71
525 71
526 71
527 71
528 71
529 72
530 72
531 72
532 72
533 74
534 75
535 75
536 75
537 75
538 75
539 75
540 76
541 78
542 78
543 78
544 78
545 78
546 78
547 78
548 78
549 78
550 78
551 78
552 78
553 78
554 78
555 78
556 78
557 78
558 78
559 78
560 78
561 78
562 78
563 78
564 78
565 78
566 78
567 78
568 78
569 78
570 78
571 79
572 79
573 79
574 79
575 79
576 79
577 79
578 79
579 79
580 79
581 79
582 79
583 80
584 80
585 80
586 80
587 80
588 80
589 81
590 81
591 81
592 81
593 81
594 81
595 81
596 81
597 81
598 81
599 81
600 81
601 82
602 82
603 83
604 84
605 84
606 84
607 84
608 84
609 84
610 84
611 84
612 84
613 84
614 84
615 85
616 85
617 85
618 85
619 85
620 85
621 85
622 85
623 85
624 85
625 85
626 85
627 85
628 85
629 85
630 85
631 85
632 85
633 85
634 85
635 85
636 85
637 86
638 86
639 86
640 86
641 86
642 86
643 86
644 86
645 86
646 86
647 86
648 86
649 86
650 86
651 86
652 86
653 86
654 86
655 86
656 86
657 86
658 86
659 86
660 86
661 86
662 86
663 87
664 87
665 87
666 87
667 87
668 87
669 87
670 87
671 87
672 87
673 87
674 87
675 87
676 87
677 87
678 87
679 87
680 87
681 87
682 87
683 87
684 87
685 87
686 87
687 87
688 87
689 87
690 87
691 87
692 87
693 87
694 87
695 87
696 87
697 87
698 87
699 87
700 87
701 87
702 87
703 87
704 88
705 88
706 89
707 89
708 90
709 90
710 90
711 90
712 90
713 90
714 90
715 90
716 90
717 91
718 91
719 91
720 91
721 91
722 91
723 91
724 91
725 91
726 92
727 92
728 92
729 92
730 92
731 92
732 92
733 92
734 92
735 92
736 93
737 93
738 93
739 93
740 93
741 93
742 93
743 93
744 93
745 93
746 93
747 93
748 93
749 93
750 93
751 93
752 93
753 93
754 93
755 93
756 93
757 93
758 93
759 93
760 93
761 93
762 93
763 93
764 93
765 93
766 93
767 93
768 93
769 93
770 93
771 93
772 93
773 93
774 93
775 93
776 93
777 93
778 93
779 93
780 93
781 93
782 93
783 93
784 93
785 93
786 93
787 93
788 93
789 93
790 93
791 93
792 93
793 93
794 93
795 93
796 93
797 93
798 93
799 93
800 93
801 93
802 93
803 93
804 93
805 93
806 93
807 93
808 93
809 93
810 93
811 93
812 93
813 93
814 93
815 93
816 93
817 93
818 93
819 94
820 94
821 94
822 94
823 94
824 94
825 94
826 94
827 94
828 94
829 94
830 94
831 94
832 94
833 94
834 94
835 94
836 94
837 94
838 94
839 94
840 94
841 94
842 95
843 95
844 95
845 95
846 95
847 95
848 95
849 95
850 95
851 95
852 95
853 95
854 95
855 95
856 96
857 96
858 96
859 96
860 96
861 96
862 96
863 96
864 96
865 96
866 96
867 96
868 96
869 96
870 96
871 96
872 96
873 96
874 96
875 96
876 96
877 96
878 96
879 96
880 96
881 96
882 96
883 96
884 96
885 96
886 96
887 96
888 96
889 96
890 96
891 96
892 96
893 97
894 97
895 97
896 97
897 97
898 97
899 97
900 97
901 97
902 97
903 97
904 97
905 97
906 97
907 97
908 97
909 97
910 97
911 97
912 97
913 97
914 97
915 97
916 97
917 97
918 97
919 97
920 97
921 97
922 97
923 97
924 97
925 97
926 97
927 97
928 97
929 97
930 97
931 97
932 97
933 97
934 97
935 97
936 97
937 97
938 97
939 97
940 97
941 97
942 97
943 97
944 97
945 97
946 97
947 97
948 97
949 97
950 97
951 97
952 97
953 97
954 97
955 97
956 97
957 97
958 97
959 97
960 97
961 97
962 97
963 97
964 97
965 97
966 97
967 97
968 97
969 97
970 97
971 97
972 97
973 97
974 97
975 97
976 97
977 97
978 97
979 97
980 97
981 97
982 97
983 97
984 97
985 97
986 97
987 97
988 97
989 97
990 97
991 97
992 97
993 97
994 97
995 97
996 97
997 97
998 97
999 97
1000 97
