1 56
2 57
3 58
4 58
5 58
6 58
7 58
8 58
9 58
10 58
11 58
12 58
13 58
14 58
15 58
16 58
17 58
18 58
19 58
20 58
21 58
22 58
23 58
24 59
25 59
26 60
27 60
28 60
29 60
30 60
31 61
32 61
33 61
34 61
35 63
36 63
37 64
38 64
39 64
40 64
41 64
42 64
43 64
44 64
45 64
46 64
47 64
48 64
49 64
50 64
51 64
52 64
53 64
54 64
55 64
56 64
57 64
58 64
59 64
60 64
61 64
62 64
63 64
64 64
65 64
66 64
67 64
68 64
69 64
70 64
71 64
72 64
73 64
74 64
75 64
76 64
77 64
78 64
79 64
80 64
81 64
82 64
83 64
84 64
85 64
86 64
87 64
88 64
89 64
90 64
91 64
92 64
93 64
94 64
95 64
96 64
97 64
98 64
99 64
100 64
101 64
102 64
103 64
104 64
105 64
106 64
107 64
108 64
109 64
110 64
111 64
112 64
113 64
114 64
115 64
116 64
117 64
118 64
119 64
120 64
121 64
122 64
123 64
124 64
125 64
126 64
127 64
128 64
129 64
130 64
131 64
132 64
133 64
134 64
135 64
136 64
137 64
138 64
139 64
140 64
141 64
142 64
143 64
144 64
145 64
146 64
147 64
148 64
149 64
150 64
151 64
152 64
153 64
154 64
155 64
156 64
157 64
158 64
159 64
160 64
161 64
162 64
163 64
164 64
165 64
166 64
167 64
168 64
169 64
170 64
171 64
172 64
173 64
174 64
175 64
176 64
177 64
178 64
179 64
180 64
181 64
182 64
183 64
184 64
185 64
186 64
187 64
188 64
189 64
190 64
191 64
192 64
193 64
194 64
195 64
196 64
197 64
198 64
199 64
200 64
201 64
202 64
203 64
204 64
205 64
206 64
207 64
208 64
209 64
210 64
211 64
212 64
213 64
214 64
215 64
216 64
217 64
218 64
219 64
220 64
221 64
222 64
223 64
224 64
225 64
226 64
227 64
228 64
229 64
230 64
231 64
232 64
233 64
234 64
235 64
236 64
237 64
238 64
239 64
240 64
241 64
242 64
243 64
244 64
245 64
246 64
247 64
248 64
249 64
250 64
251 64
252 64
253 64
254 64
255 64
256 64
257 64
258 64
259 64
260 64
261 64
262 64
263 64
264 64
265 64
266 64
267 64
268 64
269 64
270 64
271 64
272 64
273 64
274 64
275 64
276 64
277 64
278 64
279 64
280 64
281 64
282 64
283 64
284 64
285 64
286 64
287 64
288 64
289 64
290 64
291 64
292 64
293 64
294 64
295 64
296 64
297 64
298 64
299 64
300 64
301 64
302 64
303 64
304 64
305 64
306 64
307 64
308 64
309 64
310 64
311 64
312 64
313 64
314 64
315 64
316 64
317 64
318 64
319 64
320 64
321 64
322 64
323 64
324 64
325 64
326 64
327 64
328 64
329 64
330 64
331 64
332 64
333 64
334 64
335 64
336 64
337 64
338 64
339 64
340 64
341 64
342 64
343 64
344 64
345 64
346 64
347 64
348 64
349 64
350 64
351 64
352 64
353 64
354 64
355 64
356 64
357 64
358 64
359 64
360 64
361 64
362 64
363 64
364 64
365 64
366 64
367 64
368 64
369 64
370 64
371 64
372 64
373 64
374 64
375 64
376 64
377 64
378 64
379 64
380 64
381 64
382 64
383 64
384 64
385 64
386 64
387 64
388 64
389 64
390 64
391 64
392 64
393 64
394 64
395 64
396 64
397 64
398 64
399 64
400 64
401 64
402 64
403 64
404 64
405 64
406 64
407 64
408 64
409 64
410 64
411 64
412 64
413 64
414 64
415 64
416 64
417 64
418 64
419 64
420 64
421 64
422 64
423 64
424 64
425 64
426 64
427 64
428 64
429 64
430 64
431 64
432 64
433 64
434 64
435 64
436 64
437 64
438 64
439 64
440 64
441 64
442 64
443 64
444 64
445 64
446 64
447 64
448 64
449 64
450 64
451 64
452 64
453 64
454 65
455 65
456 65
457 65
458 65
459 65
460 65
461 65
462 67
463 67
464 67
465 67
466 67
467 67
468 68
469 68
470 68
471 68
472 68
473 68
474 68
475 68
476 68
477 69
478 71
479 73
480 73
481 73
482 73
483 73
484 73
485 73
486 73
487 73
488 73
489 73
490 74
491 74
492 74
493 74
494 74
495 74
496 74
497 74
498 74
499 74
500 74
501 74
502 74
503 74
504 74
505 74
506 74
507 74
508 75
509 75
510 75
511 75
512 75
513 75
514 75
515 75
516 75
517 75
518 75
519 75
520 75
521 75
522 75
523 75
524 75
525 75
526 75
527 75
528 76
529 78
530 78
531 78
532 78
533 78
534 78
535 78
536 78
537 78
538 78
539 78
540 78
541 78
542 78
543 78
544 79
545 80
546 80
547 80
548 80
549 80
550 80
551 80
552 80
553 80
554 81
555 81
556 81
557 81
558 81
559 81
560 81
561 81
562 81
563 81
564 81
565 82
566 82
567 82
568 82
569 82
570 83
571 83
572 83
573 83
574 83
575 83
576 83
577 83
578 83
579 83
580 83
581 83
582 83
583 83
584 83
585 83
586 83
587 83
588 83
589 83
590 83
591 83
592 83
593 83
594 83
595 83
596 83
597 83
598 84
599 84
600 84
601 84
602 84
603 84
604 84
605 84
606 84
607 84
608 84
609 85
610 85
611 85
612 85
613 85
614 85
615 85
616 85
617 85
618 85
619 85
620 85
621 85
622 85
623 85
624 86
625 86
626 86
627 86
628 86
629 86
630 86
631 86
632 86
633 86
634 86
635 86
636 86
637 86
638 86
639 86
640 86
641 86
642 86
643 86
644 86
645 86
646 86
647 87
648 87
649 87
650 87
651 87
652 87
653 87
654 87
655 87
656 87
657 87
658 87
659 87
660 87
661 87
662 87
663 87
664 87
665 87
666 87
667 88
668 88
669 88
670 88
671 88
672 88
673 88
674 88
675 88
676 88
677 88
678 88
679 88
680 88
681 88
682 89
683 89
684 90
685 90
686 90
687 90
688 90
689 90
690 91
691 91
692 91
693 91
694 91
695 91
696 91
697 91
698 91
699 91
700 91
701 91
702 91
703 91
704 91
705 91
706 91
707 91
708 91
709 91
710 91
711 92
712 92
713 92
714 92
715 92
716 92
717 92
718 92
719 92
720 92
721 92
722 92
723 92
724 92
725 92
726 92
727 92
728 92
729 92
730 92
731 92
732 92
733 92
734 92
735 92
736 92
737 92
738 92
739 92
740 92
741 92
742 92
743 92
744 92
745 92
746 92
747 92
748 92
749 92
750 92
751 92
752 92
753 92
754 92
755 92
756 92
757 92
758 92
759 92
760 92
761 92
762 92
763 92
764 92
765 92
766 92
767 92
768 92
769 92
770 92
771 92
772 92
773 92
774 92
775 92
776 92
777 92
778 92
779 92
780 92
781 92
782 92
783 92
784 92
785 92
786 92
787 92
788 92
789 92
790 92
791 92
792 92
793 92
794 92
795 92
796 93
797 93
798 93
799 93
800 93
801 93
802 93
803 93
804 93
805 93
806 93
807 93
808 93
809 93
810 93
811 93
812 93
813 93
814 93
815 93
816 93
817 93
818 93
819 93
820 93
821 93
822 93
823 93
824 93
825 93
826 93
827 93
828 93
829 93
830 93
831 93
832 93
833 93
834 93
835 94
836 94
837 94
838 94
839 94
840 94
841 94
842 94
843 94
844 94
845 94
846 94
847 94
848 94
849 94
850 94
851 94
852 94
853 94
854 94
855 94
856 94
857 94
858 94
859 94
860 94
861 94
862 94
863 94
864 94
865 94
866 94
867 94
868 94
869 94
870 94
871 94
872 94
873 94
874 94
875 94
876 94
877 94
878 94
879 94
880 94
881 94
882 94
883 95
884 95
885 95
886 95
887 95
888 95
889 95
890 95
891 95
892 95
893 95
894 95
895 95
896 95
897 95
898 95
899 95
900 95
901 95
902 95
903 95
904 95
905 95
906 95
907 95
908 95
909 95
910 95
911 95
912 95
913 95
914 95
915 95
916 95
917 95
918 95
919 95
920 95
921 95
922 95
923 95
924 95
925 95
926 95
927 95
928 95
929 95
930 95
931 95
932 95
933 95
934 95
935 95
936 95
937 95
938 95
939 95
940 95
941 95
942 95
943 95
944 95
945 96
946 96
947 96
948 96
949 96
950 96
951 96
952 96
953 96
954 96
955 96
956 96
957 96
958 96
959 96
960 96
961 96
962 96
963 96
964 96
965 96
966 96
967 96
968 96
969 96
970 96
971 96
972 96
973 96
974 96
975 96
976 96
977 96
978 96
979 96
980 96
981 96
982 96
983 96
984 96
985 96
986 96
987 96
988 96
989 96
990 96
991 96
992 96
993 96
994 96
995 96
996 96
997 96
998 96
999 96
1000 96
