1 49
2 50
3 51
4 51
5 52
6 52
7 52
8 52
9 52
10 52
11 52
12 52
13 52
14 52
15 52
16 52
17 52
18 52
19 52
20 52
21 52
22 52
23 52
24 52
25 52
26 52
27 52
28 52
29 52
30 52
31 52
32 52
33 52
34 52
35 52
36 52
37 52
38 52
39 52
40 52
41 52
42 52
43 52
44 52
45 52
46 52
47 52
48 52
49 52
50 54
51 56
52 56
53 56
54 57
55 57
56 58
57 58
58 58
59 58
60 59
61 59
62 59
63 59
64 59
65 59
66 59
67 59
68 59
69 59
70 59
71 59
72 59
73 59
74 59
75 59
76 59
77 59
78 59
79 59
80 59
81 59
82 59
83 59
84 59
85 59
86 59
87 59
88 59
89 59
90 59
91 59
92 59
93 59
94 59
95 59
96 59
97 59
98 59
99 59
100 59
101 59
102 59
103 59
104 59
105 59
106 59
107 59
108 59
109 59
110 59
111 59
112 59
113 59
114 59
115 59
116 59
117 59
118 59
119 59
120 59
121 59
122 59
123 59
124 59
125 59
126 59
127 59
128 59
129 59
130 59
131 59
132 59
133 59
134 59
135 59
136 59
137 59
138 59
139 59
140 59
141 59
142 59
143 59
144 59
145 59
146 59
147 59
148 59
149 59
150 59
151 59
152 59
153 59
154 59
155 59
156 59
157 59
158 59
159 59
160 59
161 59
162 59
163 59
164 59
165 59
166 59
167 59
168 59
169 59
170 59
171 59
172 59
173 59
174 59
175 59
176 59
177 59
178 59
179 59
180 59
181 59
182 59
183 59
184 59
185 59
186 59
187 59
188 59
189 59
190 59
191 59
192 59
193 59
194 59
195 59
196 59
197 59
198 59
199 59
200 59
201 59
202 59
203 59
204 59
205 59
206 59
207 59
208 59
209 59
210 59
211 59
212 59
213 59
214 59
215 59
216 59
217 59
218 59
219 59
220 59
221 59
222 59
223 59
224 59
225 59
226 59
227 59
228 59
229 59
230 59
231 59
232 59
233 59
234 59
235 59
236 59
237 59
238 59
239 59
240 59
241 59
242 59
243 59
244 59
245 59
246 59
247 59
248 59
249 59
250 59
251 59
252 59
253 59
254 59
255 59
256 59
257 59
258 59
259 59
260 59
261 59
262 59
263 59
264 59
265 59
266 59
267 59
268 59
269 59
270 59
271 59
272 59
273 59
274 59
275 59
276 59
277 59
278 59
279 59
280 59
281 59
282 59
283 59
284 59
285 59
286 59
287 59
288 59
289 59
290 59
291 59
292 59
293 59
294 59
295 59
296 59
297 59
298 59
299 59
300 59
301 59
302 59
303 59
304 59
305 59
306 59
307 59
308 59
309 59
310 59
311 59
312 59
313 59
314 59
315 59
316 59
317 59
318 59
319 59
320 59
321 59
322 59
323 59
324 59
325 59
326 59
327 59
328 59
329 59
330 59
331 59
332 59
333 59
334 59
335 59
336 59
337 59
338 59
339 59
340 59
341 59
342 59
343 59
344 59
345 60
346 60
347 60
348 60
349 60
350 60
351 60
352 60
353 60
354 60
355 60
356 60
357 60
358 60
359 60
360 60
361 60
362 60
363 60
364 60
365 60
366 60
367 60
368 60
369 60
370 60
371 60
372 60
373 60
374 60
375 60
376 60
377 60
378 60
379 60
380 60
381 60
382 60
383 60
384 60
385 60
386 60
387 60
388 60
389 60
390 60
391 60
392 60
393 60
394 60
395 60
396 60
397 60
398 60
399 60
400 60
401 60
402 60
403 60
404 60
405 60
406 60
407 60
408 60
409 60
410 60
411 60
412 60
413 60
414 60
415 60
416 60
417 60
418 60
419 60
420 60
421 60
422 60
423 60
424 60
425 60
426 60
427 60
428 60
429 60
430 60
431 60
432 60
433 60
434 60
435 60
436 60
437 60
438 60
439 60
440 60
441 60
442 60
443 60
444 60
445 60
446 60
447 60
448 60
449 60
450 60
451 60
452 60
453 60
454 60
455 60
456 60
457 60
458 60
459 60
460 60
461 60
462 60
463 60
464 60
465 60
466 60
467 60
468 60
469 60
470 60
471 60
472 60
473 60
474 60
475 60
476 60
477 60
478 60
479 60
480 60
481 60
482 60
483 60
484 60
485 60
486 60
487 60
488 60
489 60
490 60
491 60
492 60
493 60
494 60
495 60
496 60
497 60
498 60
499 60
500 60
501 60
502 60
503 60
504 60
505 60
506 60
507 60
508 60
509 60
510 60
511 60
512 60
513 60
514 60
515 60
516 60
517 60
518 60
519 60
520 60
521 60
522 60
523 60
524 60
525 60
526 60
527 60
528 60
529 61
530 63
531 63
532 63
533 63
534 63
535 63
536 64
537 64
538 64
539 64
540 64
541 64
542 64
543 64
544 65
545 65
546 65
547 65
548 65
549 65
550 66
551 66
552 67
553 67
554 67
555 67
556 67
557 68
558 68
559 68
560 68
561 69
562 69
563 69
564 70
565 70
566 70
567 70
568 70
569 70
570 70
571 70
572 70
573 70
574 70
575 71
576 72
577 72
578 72
579 72
580 72
581 72
582 72
583 72
584 72
585 72
586 72
587 73
588 73
589 73
590 73
591 74
592 74
593 74
594 74
595 75
596 75
597 77
598 77
599 78
600 79
601 79
602 79
603 79
604 79
605 79
606 79
607 79
608 79
609 79
610 79
611 79
612 79
613 80
614 80
615 80
616 80
617 80
618 80
619 80
620 80
621 80
622 80
623 80
624 80
625 80
626 80
627 80
628 81
629 81
630 82
631 82
632 82
633 83
634 83
635 83
636 83
637 83
638 83
639 83
640 83
641 84
642 84
643 84
644 84
645 84
646 84
647 84
648 84
649 84
650 84
651 84
652 84
653 85
654 85
655 85
656 85
657 86
658 86
659 86
660 86
661 86
662 86
663 86
664 86
665 86
666 86
667 86
668 86
669 86
670 86
671 86
672 86
673 86
674 86
675 86
676 86
677 86
678 86
679 86
680 86
681 86
682 87
683 87
684 87
685 87
686 87
687 88
688 88
689 88
690 88
691 88
692 88
693 88
694 88
695 88
696 88
697 88
698 88
699 88
700 88
701 88
702 88
703 88
704 88
705 88
706 89
707 89
708 89
709 89
710 89
711 89
712 89
713 89
714 89
715 89
716 90
717 90
718 90
719 91
720 91
721 91
722 91
723 91
724 91
725 91
726 91
727 91
728 91
729 91
730 91
731 91
732 91
733 91
734 91
735 91
736 91
737 91
738 91
739 91
740 91
741 91
742 91
743 91
744 91
745 91
746 91
747 91
748 91
749 91
750 91
751 91
752 91
753 91
754 91
755 91
756 91
757 91
758 91
759 91
760 91
761 91
762 91
763 91
764 91
765 91
766 91
767 92
768 92
769 93
770 93
771 93
772 93
773 93
774 93
775 93
776 93
777 93
778 93
779 93
780 93
781 93
782 93
783 93
784 93
785 93
786 93
787 93
788 93
789 93
790 93
791 93
792 93
793 93
794 93
795 93
796 93
797 93
798 93
799 93
800 93
801 93
802 93
803 93
804 93
805 93
806 93
807 93
808 93
809 93
810 93
811 93
812 93
813 93
814 93
815 93
816 93
817 93
818 93
819 93
820 93
821 93
822 93
823 93
824 93
825 93
826 94
827 94
828 94
829 94
830 94
831 94
832 94
833 94
834 94
835 94
836 94
837 94
838 94
839 94
840 94
841 94
842 94
843 94
844 94
845 94
846 94
847 94
848 94
849 94
850 94
851 94
852 94
853 94
854 94
855 94
856 94
857 94
858 94
859 94
860 94
861 94
862 94
863 94
864 94
865 95
866 95
867 95
868 95
869 95
870 95
871 95
872 95
873 95
874 95
875 95
876 95
877 95
878 95
879 95
880 95
881 95
882 95
883 95
884 95
885 95
886 95
887 95
888 95
889 96
890 96
891 96
892 96
893 96
894 96
895 96
896 96
897 96
898 96
899 96
900 96
901 96
902 96
903 96
904 96
905 96
906 96
907 96
908 96
909 96
910 96
911 96
912 96
913 96
914 96
915 96
916 96
917 96
918 96
919 96
920 96
921 96
922 96
923 96
924 96
925 96
926 96
927 96
928 96
929 96
930 96
931 96
932 96
933 96
934 96
935 96
936 96
937 96
938 96
939 96
940 96
941 96
942 96
943 96
944 96
945 96
946 96
947 96
948 96
949 96
950 96
951 96
952 96
953 96
954 96
955 96
956 96
957 96
958 96
959 96
960 96
961 96
962 96
963 96
964 96
965 96
966 96
967 96
968 96
969 96
970 96
971 96
972 96
973 96
974 96
975 96
976 96
977 96
978 96
979 96
980 96
981 96
982 96
983 96
984 96
985 96
986 96
987 96
988 96
989 96
990 96
991 96
992 96
993 96
994 96
995 96
996 96
997 96
998 96
999 96
1000 96
