1 49
2 49
3 50
4 50
5 50
6 50
7 50
8 51
9 51
10 51
11 51
12 51
13 51
14 51
15 51
16 51
17 51
18 51
19 51
20 51
21 51
22 51
23 51
24 51
25 51
26 51
27 51
28 51
29 51
30 51
31 51
32 51
33 51
34 51
35 51
36 51
37 51
38 51
39 51
40 51
41 51
42 51
43 51
44 51
45 51
46 51
47 51
48 51
49 51
50 51
51 51
52 51
53 51
54 51
55 51
56 51
57 51
58 51
59 51
60 51
61 51
62 51
63 51
64 51
65 51
66 51
67 51
68 51
69 51
70 51
71 51
72 51
73 51
74 51
75 51
76 51
77 51
78 51
79 51
80 52
81 52
82 52
83 52
84 52
85 52
86 52
87 52
88 53
89 54
90 54
91 55
92 55
93 55
94 56
95 56
96 56
97 56
98 56
99 56
100 56
101 56
102 56
103 56
104 56
105 56
106 56
107 57
108 58
109 58
110 58
111 58
112 58
113 60
114 60
115 60
116 60
117 60
118 60
119 60
120 60
121 60
122 60
123 60
124 60
125 60
126 60
127 60
128 60
129 60
130 60
131 60
132 60
133 60
134 60
135 60
136 60
137 60
138 60
139 60
140 60
141 60
142 60
143 60
144 60
145 60
146 60
147 60
148 60
149 60
150 60
151 60
152 60
153 60
154 60
155 60
156 60
157 60
158 60
159 60
160 60
161 60
162 60
163 60
164 60
165 60
166 60
167 61
168 61
169 61
170 61
171 61
172 61
173 61
174 61
175 61
176 61
177 61
178 61
179 61
180 61
181 61
182 61
183 61
184 61
185 61
186 61
187 61
188 61
189 61
190 61
191 61
192 61
193 61
194 61
195 61
196 61
197 61
198 61
199 61
200 61
201 61
202 61
203 61
204 61
205 61
206 61
207 61
208 61
209 61
210 61
211 61
212 61
213 61
214 61
215 61
216 61
217 61
218 61
219 61
220 61
221 61
222 61
223 61
224 61
225 61
226 61
227 61
228 61
229 61
230 61
231 61
232 61
233 61
234 61
235 61
236 61
237 61
238 61
239 61
240 61
241 61
242 61
243 61
244 61
245 61
246 61
247 61
248 61
249 61
250 61
251 61
252 61
253 61
254 61
255 61
256 61
257 61
258 61
259 61
260 61
261 61
262 61
263 61
264 61
265 61
266 61
267 61
268 61
269 61
270 61
271 61
272 61
273 61
274 61
275 61
276 61
277 61
278 61
279 61
280 61
281 61
282 61
283 61
284 61
285 61
286 61
287 61
288 61
289 61
290 61
291 61
292 61
293 61
294 61
295 61
296 61
297 61
298 61
299 61
300 61
301 61
302 61
303 61
304 61
305 61
306 61
307 61
308 61
309 61
310 61
311 61
312 61
313 61
314 61
315 61
316 61
317 61
318 61
319 61
320 61
321 61
322 61
323 61
324 61
325 61
326 61
327 61
328 61
329 61
330 61
331 61
332 61
333 61
334 61
335 61
336 61
337 61
338 61
339 61
340 61
341 61
342 61
343 61
344 61
345 61
346 61
347 61
348 61
349 61
350 61
351 61
352 61
353 61
354 61
355 61
356 61
357 61
358 61
359 61
360 61
361 61
362 61
363 61
364 61
365 61
366 61
367 61
368 61
369 61
370 61
371 61
372 61
373 61
374 61
375 61
376 61
377 61
378 61
379 61
380 61
381 61
382 61
383 61
384 61
385 61
386 61
387 61
388 61
389 61
390 61
391 61
392 61
393 61
394 61
395 61
396 61
397 61
398 61
399 61
400 61
401 61
402 61
403 61
404 61
405 61
406 61
407 61
408 61
409 61
410 61
411 61
412 61
413 61
414 61
415 61
416 61
417 61
418 61
419 61
420 61
421 61
422 61
423 61
424 61
425 61
426 61
427 61
428 61
429 61
430 61
431 61
432 61
433 61
434 61
435 61
436 61
437 61
438 61
439 61
440 61
441 61
442 61
443 61
444 61
445 61
446 61
447 61
448 61
449 61
450 61
451 61
452 61
453 61
454 61
455 61
456 61
457 61
458 61
459 61
460 61
461 61
462 61
463 61
464 61
465 61
466 61
467 61
468 61
469 61
470 62
471 62
472 62
473 62
474 62
475 62
476 62
477 62
478 62
479 62
480 62
481 62
482 62
483 62
484 63
485 63
486 63
487 63
488 63
489 63
490 63
491 63
492 63
493 63
494 63
495 64
496 64
497 64
498 64
499 64
500 65
501 65
502 65
503 65
504 65
505 66
506 66
507 66
508 66
509 66
510 69
511 70
512 70
513 70
514 70
515 70
516 70
517 70
518 70
519 70
520 72
521 72
522 74
523 77
524 77
525 77
526 77
527 78
528 78
529 79
530 79
531 79
532 79
533 79
534 79
535 79
536 79
537 79
538 79
539 79
540 79
541 79
542 79
543 79
544 79
545 79
546 79
547 79
548 80
549 80
550 80
551 81
552 81
553 81
554 83
555 83
556 83
557 83
558 83
559 83
560 83
561 85
562 86
563 86
564 86
565 86
566 86
567 86
568 86
569 86
570 86
571 86
572 86
573 86
574 86
575 86
576 86
577 86
578 86
579 86
580 86
581 86
582 86
583 86
584 86
585 86
586 86
587 86
588 86
589 86
590 86
591 86
592 86
593 86
594 86
595 86
596 86
597 86
598 86
599 86
600 87
601 87
602 87
603 87
604 87
605 87
606 87
607 87
608 87
609 87
610 87
611 87
612 87
613 87
614 87
615 87
616 87
617 87
618 87
619 87
620 87
621 87
622 87
623 87
624 87
625 87
626 87
627 87
628 87
629 87
630 87
631 87
632 87
633 87
634 87
635 87
636 87
637 87
638 87
639 87
640 87
641 87
642 87
643 87
644 87
645 88
646 88
647 88
648 88
649 88
650 88
651 88
652 88
653 88
654 88
655 88
656 88
657 88
658 88
659 88
660 88
661 88
662 88
663 88
664 88
665 88
666 88
667 88
668 88
669 89
670 89
671 89
672 89
673 89
674 89
675 89
676 89
677 89
678 89
679 89
680 89
681 89
682 89
683 89
684 89
685 89
686 89
687 89
688 89
689 89
690 89
691 89
692 89
693 89
694 89
695 89
696 89
697 89
698 90
699 90
700 90
701 90
702 90
703 90
704 90
705 90
706 90
707 91
708 91
709 91
710 91
711 91
712 91
713 91
714 91
715 91
716 91
717 91
718 91
719 91
720 91
721 91
722 91
723 91
724 91
725 91
726 91
727 91
728 91
729 91
730 91
731 91
732 91
733 91
734 91
735 91
736 91
737 91
738 91
739 91
740 91
741 91
742 91
743 91
744 91
745 91
746 91
747 91
748 91
749 91
750 91
751 91
752 91
753 91
754 91
755 91
756 91
757 91
758 91
759 91
760 91
761 91
762 91
763 91
764 91
765 91
766 91
767 91
768 91
769 91
770 91
771 91
772 91
773 91
774 91
775 91
776 91
777 91
778 91
779 91
780 91
781 91
782 91
783 91
784 91
785 91
786 91
787 91
788 91
789 91
790 91
791 91
792 91
793 91
794 91
795 91
796 91
797 91
798 91
799 91
800 91
801 91
802 91
803 91
804 91
805 91
806 91
807 91
808 91
809 91
810 91
811 91
812 91
813 91
814 91
815 91
816 91
817 91
818 91
819 91
820 91
821 91
822 91
823 91
824 91
825 91
826 91
827 91
828 91
829 91
830 91
831 91
832 91
833 91
834 91
835 91
836 91
837 91
838 91
839 91
840 91
841 91
842 91
843 91
844 91
845 91
846 91
847 92
848 92
849 92
850 92
851 92
852 92
853 92
854 92
855 92
856 92
857 92
858 92
859 92
860 92
861 92
862 92
863 92
864 92
865 92
866 92
867 92
868 92
869 92
870 92
871 92
872 92
873 92
874 92
875 92
876 92
877 92
878 92
879 92
880 92
881 92
882 92
883 92
884 92
885 92
886 92
887 92
888 92
889 92
890 92
891 92
892 92
893 92
894 92
895 92
896 92
897 92
898 92
899 92
900 92
901 92
902 92
903 92
904 92
905 92
906 92
907 92
908 92
909 92
910 92
911 92
912 92
913 92
914 92
915 92
916 92
917 92
918 92
919 92
920 92
921 92
922 92
923 92
924 92
925 92
926 92
927 92
928 92
929 92
930 92
931 92
932 92
933 92
934 92
935 92
936 93
937 93
938 93
939 93
940 93
941 93
942 93
943 93
944 93
945 93
946 93
947 93
948 93
949 93
950 93
951 93
952 93
953 93
954 93
955 93
956 93
957 93
958 93
959 93
960 93
961 93
962 93
963 93
964 93
965 93
966 93
967 93
968 93
969 93
970 93
971 93
972 93
973 93
974 93
975 93
976 93
977 93
978 93
979 93
980 93
981 93
982 93
983 93
984 93
985 93
986 93
987 93
988 93
989 93
990 93
991 93
992 93
993 93
994 93
995 93
996 93
997 93
998 93
999 93
1000 93
