1 51
2 51
3 51
4 52
5 52
6 52
7 52
8 52
9 52
10 52
11 52
12 52
13 52
14 52
15 52
16 52
17 52
18 52
19 52
20 52
21 52
22 52
23 52
24 52
25 52
26 52
27 52
28 52
29 52
30 52
31 52
32 52
33 52
34 52
35 52
36 52
37 52
38 52
39 52
40 52
41 52
42 52
43 52
44 52
45 52
46 52
47 52
48 52
49 52
50 52
51 52
52 52
53 52
54 52
55 52
56 52
57 52
58 52
59 52
60 52
61 52
62 52
63 52
64 52
65 52
66 52
67 52
68 52
69 52
70 52
71 52
72 52
73 52
74 52
75 52
76 52
77 52
78 52
79 52
80 52
81 52
82 52
83 52
84 52
85 52
86 52
87 52
88 52
89 52
90 52
91 52
92 52
93 52
94 52
95 52
96 52
97 52
98 52
99 52
100 52
101 52
102 52
103 52
104 52
105 52
106 52
107 52
108 52
109 52
110 52
111 52
112 52
113 52
114 52
115 52
116 52
117 52
118 52
119 52
120 52
121 53
122 53
123 53
124 53
125 53
126 53
127 53
128 53
129 53
130 53
131 53
132 53
133 53
134 53
135 53
136 53
137 53
138 53
139 53
140 53
141 53
142 53
143 54
144 56
145 57
146 58
147 58
148 58
149 58
150 58
151 58
152 58
153 58
154 58
155 58
156 58
157 58
158 58
159 58
160 58
161 58
162 58
163 58
164 58
165 58
166 58
167 58
168 58
169 58
170 58
171 58
172 58
173 58
174 58
175 58
176 58
177 58
178 58
179 58
180 58
181 58
182 58
183 58
184 58
185 58
186 58
187 58
188 58
189 58
190 58
191 58
192 58
193 58
194 58
195 58
196 58
197 58
198 58
199 58
200 58
201 58
202 58
203 58
204 58
205 58
206 58
207 58
208 58
209 58
210 58
211 58
212 58
213 58
214 58
215 58
216 58
217 58
218 58
219 58
220 58
221 58
222 58
223 58
224 58
225 58
226 58
227 58
228 58
229 58
230 58
231 58
232 58
233 58
234 58
235 58
236 58
237 58
238 58
239 58
240 58
241 58
242 58
243 58
244 58
245 58
246 58
247 58
248 58
249 58
250 58
251 58
252 58
253 58
254 58
255 58
256 58
257 58
258 58
259 58
260 58
261 58
262 58
263 58
264 58
265 58
266 58
267 58
268 58
269 58
270 58
271 58
272 58
273 58
274 58
275 58
276 59
277 59
278 59
279 59
280 59
281 59
282 59
283 59
284 59
285 59
286 59
287 59
288 59
289 59
290 59
291 59
292 59
293 59
294 59
295 59
296 60
297 62
298 62
299 62
300 62
301 62
302 62
303 62
304 62
305 62
306 62
307 62
308 62
309 62
310 62
311 62
312 62
313 62
314 62
315 62
316 62
317 62
318 62
319 62
320 62
321 62
322 62
323 62
324 62
325 62
326 62
327 62
328 62
329 62
330 62
331 62
332 62
333 62
334 62
335 62
336 62
337 62
338 62
339 62
340 62
341 62
342 62
343 62
344 62
345 62
346 62
347 62
348 62
349 62
350 62
351 62
352 62
353 62
354 62
355 62
356 62
357 62
358 62
359 62
360 62
361 62
362 62
363 62
364 62
365 62
366 62
367 62
368 62
369 62
370 62
371 62
372 62
373 62
374 62
375 62
376 62
377 62
378 62
379 62
380 62
381 62
382 62
383 62
384 62
385 62
386 62
387 62
388 62
389 62
390 62
391 62
392 62
393 62
394 62
395 62
396 62
397 62
398 62
399 62
400 62
401 62
402 62
403 62
404 62
405 62
406 62
407 62
408 62
409 62
410 62
411 62
412 62
413 62
414 62
415 62
416 62
417 62
418 62
419 62
420 62
421 62
422 62
423 62
424 62
425 62
426 62
427 62
428 62
429 62
430 62
431 62
432 62
433 62
434 62
435 62
436 62
437 62
438 62
439 62
440 62
441 62
442 62
443 62
444 62
445 62
446 62
447 62
448 62
449 62
450 62
451 62
452 62
453 62
454 62
455 62
456 62
457 62
458 62
459 62
460 62
461 62
462 62
463 62
464 62
465 62
466 62
467 62
468 62
469 62
470 62
471 62
472 62
473 62
474 62
475 62
476 62
477 62
478 62
479 62
480 62
481 62
482 62
483 62
484 62
485 62
486 62
487 62
488 62
489 62
490 62
491 62
492 62
493 62
494 62
495 62
496 62
497 62
498 62
499 62
500 62
501 62
502 62
503 62
504 62
505 62
506 62
507 62
508 62
509 62
510 62
511 62
512 63
513 63
514 63
515 63
516 63
517 63
518 63
519 63
520 65
521 65
522 65
523 65
524 65
525 65
526 65
527 65
528 65
529 65
530 65
531 65
532 65
533 65
534 65
535 65
536 65
537 65
538 66
539 66
540 66
541 67
542 67
543 67
544 67
545 69
546 69
547 69
548 69
549 69
550 69
551 69
552 69
553 69
554 69
555 69
556 69
557 70
558 72
559 73
560 73
561 73
562 74
563 74
564 75
565 77
566 77
567 77
568 77
569 78
570 78
571 79
572 79
573 79
574 79
575 79
576 79
577 79
578 79
579 80
580 80
581 80
582 81
583 81
584 81
585 81
586 81
587 81
588 81
589 81
590 81
591 82
592 82
593 82
594 82
595 82
596 83
597 83
598 84
599 84
600 84
601 85
602 86
603 86
604 86
605 86
606 86
607 86
608 86
609 86
610 86
611 86
612 86
613 86
614 86
615 86
616 86
617 86
618 86
619 86
620 86
621 86
622 86
623 86
624 86
625 86
626 86
627 86
628 86
629 86
630 87
631 87
632 87
633 87
634 87
635 87
636 87
637 87
638 87
639 87
640 87
641 87
642 87
643 87
644 87
645 87
646 87
647 87
648 87
649 87
650 87
651 87
652 87
653 87
654 87
655 87
656 87
657 88
658 88
659 88
660 89
661 89
662 89
663 89
664 89
665 89
666 89
667 89
668 89
669 89
670 89
671 89
672 89
673 89
674 89
675 89
676 89
677 89
678 89
679 89
680 89
681 89
682 89
683 89
684 89
685 90
686 90
687 90
688 90
689 90
690 90
691 90
692 90
693 90
694 90
695 90
696 90
697 90
698 90
699 90
700 90
701 90
702 90
703 90
704 90
705 90
706 90
707 90
708 90
709 90
710 91
711 92
712 92
713 92
714 92
715 92
716 92
717 92
718 92
719 92
720 92
721 92
722 93
723 93
724 93
725 93
726 93
727 93
728 93
729 93
730 93
731 93
732 94
733 94
734 94
735 94
736 94
737 94
738 94
739 94
740 94
741 94
742 94
743 94
744 94
745 94
746 94
747 94
748 94
749 94
750 94
751 94
752 94
753 94
754 94
755 94
756 94
757 94
758 94
759 94
760 94
761 94
762 94
763 94
764 94
765 94
766 94
767 94
768 94
769 94
770 94
771 94
772 94
773 94
774 94
775 94
776 94
777 94
778 94
779 94
780 94
781 94
782 94
783 94
784 94
785 94
786 94
787 94
788 94
789 94
790 94
791 94
792 94
793 94
794 94
795 94
796 94
797 94
798 94
799 94
800 94
801 94
802 94
803 94
804 94
805 94
806 94
807 94
808 94
809 94
810 94
811 94
812 94
813 94
814 94
815 94
816 94
817 94
818 94
819 94
820 94
821 94
822 94
823 94
824 94
825 94
826 94
827 94
828 94
829 94
830 94
831 94
832 95
833 95
834 95
835 95
836 95
837 95
838 95
839 95
840 95
841 96
842 96
843 96
844 96
845 96
846 96
847 96
848 96
849 96
850 96
851 96
852 96
853 96
854 96
855 96
856 96
857 96
858 96
859 96
860 96
861 96
862 96
863 96
864 96
865 96
866 96
867 96
868 96
869 96
870 96
871 96
872 96
873 96
874 96
875 96
876 96
877 96
878 96
879 96
880 96
881 96
882 96
883 96
884 96
885 96
886 98
887 98
888 98
889 98
890 98
891 98
892 98
893 98
894 98
895 98
896 98
897 98
898 98
899 98
900 98
901 98
902 98
903 98
904 98
905 98
906 98
907 98
908 98
909 98
910 98
911 98
912 98
913 98
914 98
915 98
916 98
917 98
918 98
919 98
920 98
921 98
922 98
923 98
924 98
925 98
926 98
927 98
928 98
929 98
930 98
931 98
932 98
933 98
934 98
935 98
936 98
937 98
938 98
939 98
940 98
941 98
942 99
943 99
944 99
945 99
946 99
947 99
948 99
949 99
950 99
951 99
952 99
953 99
954 99
955 99
956 99
957 99
958 99
959 99
960 99
961 99
962 99
963 99
964 99
965 99
966 99
967 99
968 99
969 99
970 99
971 99
972 99
973 99
974 99
975 99
976 99
977 99
978 99
979 99
980 99
981 99
982 99
983 99
984 99
985 99
986 99
987 99
988 99
989 99
990 99
991 99
992 99
993 99
994 99
995 99
996 99
997 99
998 99
999 99
1000 99
