1 46
2 46
3 46
4 46
5 46
6 46
7 46
8 47
9 47
10 47
11 47
12 47
13 47
14 47
15 47
16 47
17 48
18 49
19 50
20 50
21 50
22 51
23 51
24 51
25 51
26 51
27 51
28 51
29 51
30 53
31 53
32 53
33 53
34 53
35 53
36 53
37 53
38 53
39 53
40 53
41 53
42 53
43 53
44 53
45 53
46 53
47 53
48 53
49 53
50 53
51 53
52 53
53 53
54 53
55 53
56 54
57 55
58 55
59 56
60 57
61 58
62 58
63 58
64 58
65 59
66 62
67 62
68 62
69 63
70 63
71 63
72 63
73 63
74 63
75 63
76 63
77 63
78 63
79 63
80 63
81 63
82 63
83 63
84 63
85 63
86 63
87 63
88 63
89 63
90 63
91 63
92 63
93 63
94 63
95 63
96 63
97 63
98 63
99 63
100 63
101 63
102 63
103 63
104 63
105 63
106 63
107 63
108 63
109 63
110 63
111 63
112 63
113 63
114 63
115 63
116 63
117 63
118 63
119 63
120 63
121 63
122 63
123 63
124 63
125 63
126 63
127 63
128 63
129 63
130 63
131 63
132 63
133 63
134 63
135 63
136 63
137 63
138 63
139 63
140 63
141 63
142 63
143 63
144 63
145 63
146 63
147 63
148 63
149 63
150 63
151 63
152 63
153 63
154 63
155 63
156 63
157 63
158 63
159 63
160 63
161 63
162 63
163 63
164 63
165 63
166 63
167 63
168 63
169 63
170 63
171 63
172 63
173 63
174 63
175 63
176 63
177 63
178 63
179 63
180 63
181 63
182 63
183 63
184 63
185 63
186 63
187 63
188 63
189 63
190 63
191 63
192 63
193 63
194 63
195 63
196 63
197 63
198 63
199 63
200 63
201 63
202 63
203 63
204 63
205 63
206 63
207 63
208 63
209 63
210 63
211 63
212 63
213 63
214 63
215 63
216 63
217 63
218 63
219 63
220 63
221 63
222 63
223 63
224 63
225 63
226 63
227 63
228 63
229 63
230 63
231 63
232 63
233 63
234 63
235 63
236 63
237 63
238 63
239 63
240 63
241 63
242 63
243 63
244 63
245 63
246 63
247 63
248 63
249 63
250 63
251 63
252 63
253 63
254 63
255 63
256 63
257 63
258 63
259 63
260 63
261 63
262 63
263 63
264 63
265 63
266 63
267 63
268 63
269 63
270 63
271 63
272 63
273 63
274 63
275 63
276 63
277 63
278 63
279 63
280 63
281 63
282 63
283 63
284 63
285 63
286 63
287 63
288 63
289 63
290 63
291 63
292 63
293 63
294 63
295 63
296 63
297 63
298 63
299 63
300 63
301 63
302 63
303 63
304 63
305 63
306 63
307 63
308 63
309 63
310 63
311 63
312 63
313 63
314 63
315 63
316 63
317 63
318 63
319 63
320 63
321 63
322 63
323 63
324 63
325 63
326 63
327 63
328 63
329 63
330 63
331 63
332 63
333 63
334 63
335 63
336 63
337 63
338 63
339 63
340 63
341 63
342 63
343 63
344 63
345 63
346 63
347 63
348 63
349 63
350 63
351 63
352 63
353 63
354 63
355 63
356 63
357 63
358 63
359 63
360 63
361 63
362 63
363 63
364 63
365 63
366 63
367 63
368 63
369 63
370 63
371 63
372 63
373 63
374 63
375 63
376 63
377 63
378 63
379 63
380 63
381 63
382 63
383 63
384 63
385 63
386 63
387 63
388 63
389 63
390 63
391 63
392 63
393 63
394 63
395 63
396 63
397 63
398 63
399 63
400 63
401 63
402 63
403 63
404 63
405 63
406 63
407 63
408 63
409 63
410 63
411 63
412 63
413 63
414 63
415 63
416 63
417 63
418 63
419 63
420 63
421 63
422 63
423 63
424 63
425 63
426 63
427 63
428 63
429 63
430 63
431 63
432 63
433 63
434 63
435 63
436 63
437 63
438 63
439 63
440 63
441 63
442 63
443 63
444 63
445 63
446 63
447 63
448 63
449 63
450 63
451 63
452 63
453 64
454 64
455 64
456 64
457 64
458 64
459 64
460 64
461 64
462 64
463 64
464 64
465 64
466 64
467 64
468 64
469 64
470 64
471 64
472 64
473 64
474 64
475 64
476 64
477 64
478 64
479 64
480 64
481 65
482 65
483 65
484 65
485 65
486 65
487 65
488 65
489 65
490 65
491 65
492 65
493 65
494 65
495 65
496 65
497 65
498 65
499 65
500 65
501 65
502 65
503 65
504 65
505 65
506 66
507 66
508 67
509 67
510 67
511 67
512 68
513 70
514 70
515 70
516 70
517 70
518 70
519 70
520 72
521 72
522 73
523 73
524 73
525 74
526 74
527 74
528 74
529 74
530 74
531 74
532 74
533 74
534 75
535 75
536 75
537 75
538 75
539 75
540 75
541 75
542 75
543 76
544 77
545 77
546 77
547 77
548 77
549 77
550 77
551 77
552 77
553 77
554 78
555 78
556 78
557 78
558 78
559 78
560 78
561 78
562 78
563 78
564 78
565 78
566 78
567 78
568 78
569 78
570 78
571 78
572 78
573 78
574 79
575 79
576 79
577 79
578 79
579 79
580 80
581 80
582 80
583 80
584 81
585 81
586 81
587 81
588 81
589 81
590 81
591 81
592 82
593 82
594 82
595 82
596 82
597 82
598 82
599 82
600 82
601 82
602 82
603 82
604 82
605 82
606 82
607 82
608 82
609 82
610 82
611 82
612 82
613 82
614 82
615 83
616 83
617 83
618 83
619 83
620 83
621 83
622 85
623 85
624 85
625 85
626 85
627 85
628 85
629 85
630 85
631 85
632 85
633 85
634 85
635 85
636 85
637 85
638 85
639 85
640 85
641 85
642 85
643 85
644 85
645 85
646 85
647 85
648 85
649 85
650 85
651 85
652 85
653 85
654 85
655 85
656 85
657 85
658 85
659 86
660 86
661 86
662 86
663 86
664 86
665 86
666 86
667 86
668 86
669 86
670 86
671 86
672 86
673 87
674 87
675 87
676 87
677 87
678 87
679 87
680 87
681 87
682 87
683 87
684 87
685 87
686 87
687 87
688 87
689 87
690 87
691 87
692 87
693 87
694 87
695 87
696 87
697 87
698 87
699 87
700 87
701 87
702 87
703 87
704 87
705 87
706 87
707 87
708 87
709 87
710 87
711 88
712 88
713 88
714 88
715 88
716 88
717 88
718 88
719 88
720 88
721 88
722 88
723 89
724 89
725 89
726 89
727 90
728 90
729 90
730 90
731 90
732 90
733 90
734 90
735 90
736 90
737 90
738 90
739 90
740 90
741 90
742 90
743 90
744 90
745 90
746 90
747 90
748 90
749 90
750 90
751 90
752 90
753 90
754 90
755 90
756 90
757 90
758 90
759 90
760 90
761 90
762 90
763 90
764 90
765 90
766 90
767 90
768 90
769 90
770 90
771 90
772 90
773 90
774 90
775 90
776 90
777 90
778 90
779 90
780 90
781 90
782 90
783 90
784 90
785 90
786 90
787 90
788 90
789 90
790 90
791 90
792 90
793 90
794 90
795 90
796 90
797 90
798 90
799 90
800 90
801 90
802 90
803 90
804 90
805 90
806 90
807 90
808 91
809 91
810 91
811 91
812 91
813 91
814 91
815 91
816 91
817 91
818 91
819 91
820 91
821 91
822 91
823 91
824 91
825 91
826 91
827 91
828 91
829 91
830 91
831 91
832 91
833 91
834 91
835 91
836 91
837 91
838 91
839 91
840 91
841 91
842 91
843 91
844 91
845 91
846 91
847 91
848 91
849 91
850 91
851 91
852 91
853 91
854 91
855 91
856 91
857 91
858 91
859 91
860 91
861 91
862 91
863 91
864 91
865 91
866 91
867 91
868 91
869 91
870 91
871 91
872 91
873 91
874 91
875 91
876 91
877 91
878 91
879 91
880 91
881 91
882 91
883 91
884 91
885 91
886 91
887 91
888 91
889 91
890 91
891 91
892 91
893 91
894 91
895 91
896 91
897 91
898 91
899 91
900 91
901 91
902 91
903 91
904 91
905 91
906 91
907 91
908 91
909 91
910 91
911 91
912 91
913 91
914 91
915 91
916 91
917 91
918 91
919 91
920 91
921 91
922 91
923 92
924 92
925 92
926 92
927 92
928 92
929 92
930 92
931 92
932 92
933 92
934 92
935 92
936 92
937 92
938 92
939 92
940 92
941 92
942 92
943 92
944 92
945 92
946 92
947 93
948 93
949 93
950 93
951 93
952 93
953 93
954 93
955 93
956 93
957 93
958 93
959 93
960 93
961 93
962 93
963 93
964 93
965 93
966 93
967 93
968 93
969 93
970 93
971 93
972 93
973 93
974 93
975 93
976 93
977 93
978 93
979 93
980 93
981 93
982 93
983 93
984 93
985 93
986 93
987 93
988 93
989 93
990 93
991 93
992 93
993 93
994 93
995 93
996 93
997 93
998 93
999 93
1000 93
