1 46
2 46
3 46
4 46
5 46
6 46
7 46
8 46
9 46
10 46
11 46
12 46
13 46
14 46
15 46
16 46
17 46
18 46
19 46
20 46
21 46
22 46
23 47
24 47
25 47
26 47
27 49
28 49
29 49
30 49
31 49
32 49
33 49
34 49
35 49
36 49
37 49
38 49
39 49
40 49
41 49
42 50
43 51
44 51
45 51
46 53
47 53
48 53
49 53
50 53
51 53
52 53
53 53
54 53
55 53
56 53
57 53
58 53
59 53
60 53
61 53
62 53
63 53
64 53
65 53
66 53
67 53
68 53
69 53
70 53
71 53
72 53
73 53
74 53
75 53
76 53
77 53
78 53
79 53
80 53
81 53
82 53
83 53
84 53
85 53
86 53
87 53
88 53
89 53
90 56
91 56
92 56
93 56
94 56
95 56
96 56
97 56
98 56
99 56
100 56
101 56
102 56
103 56
104 56
105 56
106 56
107 56
108 56
109 56
110 56
111 56
112 56
113 57
114 57
115 57
116 57
117 57
118 57
119 58
120 58
121 58
122 58
123 58
124 58
125 58
126 58
127 58
128 58
129 58
130 58
131 58
132 58
133 58
134 58
135 58
136 58
137 58
138 58
139 58
140 58
141 58
142 58
143 58
144 58
145 58
146 58
147 58
148 58
149 58
150 58
151 58
152 58
153 58
154 58
155 58
156 58
157 58
158 58
159 58
160 58
161 58
162 58
163 58
164 58
165 58
166 58
167 58
168 58
169 58
170 58
171 58
172 58
173 58
174 58
175 58
176 58
177 58
178 58
179 58
180 58
181 58
182 58
183 58
184 58
185 58
186 58
187 58
188 58
189 58
190 58
191 58
192 58
193 58
194 58
195 58
196 58
197 58
198 58
199 58
200 58
201 58
202 58
203 58
204 58
205 58
206 58
207 58
208 58
209 58
210 58
211 58
212 58
213 58
214 58
215 58
216 58
217 58
218 58
219 58
220 58
221 58
222 58
223 58
224 58
225 58
226 58
227 58
228 58
229 58
230 58
231 58
232 58
233 58
234 58
235 58
236 58
237 58
238 58
239 58
240 58
241 58
242 58
243 58
244 58
245 58
246 58
247 58
248 58
249 58
250 58
251 58
252 58
253 58
254 58
255 58
256 58
257 58
258 58
259 58
260 58
261 58
262 58
263 58
264 58
265 58
266 58
267 58
268 58
269 58
270 58
271 58
272 58
273 58
274 58
275 58
276 58
277 58
278 58
279 58
280 58
281 58
282 58
283 58
284 58
285 58
286 58
287 58
288 58
289 58
290 58
291 58
292 58
293 58
294 58
295 58
296 58
297 58
298 58
299 58
300 58
301 58
302 58
303 58
304 58
305 58
306 58
307 58
308 58
309 58
310 58
311 58
312 58
313 58
314 58
315 58
316 58
317 58
318 58
319 58
320 58
321 58
322 58
323 58
324 58
325 58
326 58
327 58
328 58
329 58
330 58
331 58
332 58
333 58
334 58
335 58
336 58
337 58
338 58
339 58
340 58
341 58
342 58
343 58
344 58
345 58
346 58
347 58
348 58
349 58
350 58
351 58
352 58
353 58
354 58
355 58
356 58
357 58
358 58
359 58
360 58
361 58
362 58
363 58
364 58
365 58
366 58
367 58
368 58
369 58
370 58
371 58
372 58
373 58
374 58
375 58
376 58
377 58
378 58
379 58
380 58
381 58
382 58
383 58
384 58
385 58
386 58
387 58
388 58
389 58
390 58
391 58
392 58
393 58
394 58
395 58
396 58
397 58
398 58
399 58
400 58
401 58
402 58
403 58
404 58
405 58
406 58
407 58
408 58
409 58
410 59
411 59
412 59
413 59
414 59
415 59
416 59
417 59
418 59
419 59
420 59
421 59
422 59
423 59
424 59
425 59
426 59
427 59
428 59
429 59
430 59
431 59
432 59
433 59
434 59
435 59
436 59
437 59
438 59
439 59
440 59
441 59
442 59
443 59
444 59
445 59
446 59
447 59
448 59
449 59
450 59
451 59
452 59
453 59
454 59
455 59
456 59
457 59
458 59
459 59
460 59
461 61
462 61
463 61
464 61
465 61
466 61
467 61
468 61
469 61
470 61
471 61
472 61
473 61
474 61
475 61
476 61
477 61
478 61
479 61
480 61
481 61
482 62
483 62
484 62
485 62
486 64
487 64
488 67
489 70
490 72
491 73
492 76
493 77
494 77
495 77
496 77
497 77
498 77
499 77
500 77
501 77
502 78
503 78
504 78
505 78
506 78
507 78
508 78
509 78
510 78
511 78
512 78
513 78
514 78
515 78
516 78
517 78
518 78
519 78
520 78
521 78
522 78
523 78
524 78
525 78
526 78
527 78
528 78
529 78
530 78
531 78
532 78
533 78
534 78
535 78
536 78
537 78
538 78
539 78
540 78
541 78
542 78
543 78
544 78
545 78
546 78
547 78
548 78
549 78
550 78
551 78
552 78
553 78
554 78
555 78
556 78
557 78
558 78
559 78
560 78
561 78
562 78
563 78
564 78
565 78
566 78
567 78
568 78
569 78
570 78
571 78
572 78
573 78
574 78
575 78
576 78
577 78
578 78
579 78
580 78
581 78
582 79
583 79
584 79
585 79
586 80
587 80
588 80
589 81
590 81
591 81
592 81
593 81
594 81
595 81
596 81
597 81
598 81
599 81
600 81
601 81
602 81
603 81
604 82
605 82
606 82
607 82
608 82
609 83
610 83
611 83
612 83
613 83
614 83
615 83
616 83
617 83
618 83
619 84
620 84
621 84
622 84
623 84
624 84
625 84
626 85
627 85
628 85
629 85
630 85
631 85
632 85
633 85
634 85
635 85
636 85
637 85
638 85
639 85
640 85
641 85
642 85
643 85
644 85
645 86
646 86
647 86
648 86
649 86
650 86
651 86
652 86
653 86
654 86
655 86
656 86
657 86
658 86
659 86
660 86
661 86
662 86
663 86
664 86
665 86
666 86
667 86
668 86
669 86
670 86
671 86
672 86
673 86
674 86
675 86
676 86
677 86
678 86
679 86
680 86
681 86
682 86
683 86
684 86
685 86
686 86
687 86
688 86
689 86
690 86
691 86
692 86
693 87
694 87
695 87
696 87
697 87
698 87
699 87
700 87
701 87
702 87
703 87
704 87
705 87
706 87
707 87
708 87
709 87
710 87
711 87
712 87
713 87
714 87
715 87
716 87
717 87
718 87
719 87
720 88
721 88
722 88
723 88
724 88
725 88
726 88
727 88
728 88
729 88
730 88
731 88
732 88
733 88
734 88
735 88
736 88
737 88
738 88
739 88
740 88
741 88
742 88
743 88
744 88
745 88
746 88
747 88
748 88
749 88
750 88
751 88
752 88
753 88
754 88
755 88
756 88
757 88
758 88
759 88
760 88
761 88
762 88
763 88
764 88
765 88
766 88
767 88
768 88
769 88
770 88
771 88
772 88
773 88
774 88
775 89
776 89
777 89
778 89
779 89
780 89
781 89
782 89
783 89
784 89
785 89
786 89
787 89
788 89
789 89
790 89
791 89
792 89
793 89
794 89
795 89
796 89
797 89
798 90
799 90
800 90
801 90
802 90
803 90
804 90
805 90
806 90
807 90
808 90
809 90
810 90
811 90
812 90
813 90
814 90
815 90
816 90
817 90
818 90
819 91
820 91
821 92
822 92
823 92
824 92
825 92
826 92
827 92
828 92
829 92
830 92
831 92
832 92
833 92
834 92
835 92
836 92
837 92
838 92
839 92
840 92
841 92
842 92
843 92
844 92
845 92
846 92
847 92
848 92
849 92
850 92
851 92
852 92
853 92
854 92
855 92
856 92
857 92
858 92
859 92
860 92
861 92
862 92
863 92
864 93
865 93
866 93
867 93
868 93
869 93
870 93
871 94
872 94
873 94
874 94
875 94
876 94
877 94
878 94
879 94
880 94
881 94
882 94
883 94
884 94
885 94
886 94
887 94
888 94
889 94
890 94
891 94
892 94
893 94
894 94
895 94
896 94
897 94
898 94
899 94
900 94
901 94
902 94
903 95
904 95
905 95
906 95
907 95
908 95
909 95
910 95
911 95
912 96
913 96
914 96
915 96
916 96
917 96
918 96
919 96
920 96
921 96
922 96
923 96
924 96
925 96
926 96
927 96
928 96
929 96
930 96
931 96
932 96
933 96
934 96
935 96
936 96
937 96
938 96
939 96
940 96
941 96
942 96
943 96
944 96
945 96
946 96
947 96
948 96
949 96
950 96
951 96
952 96
953 96
954 96
955 96
956 96
957 96
958 96
959 96
960 96
961 96
962 96
963 96
964 96
965 96
966 96
967 96
968 96
969 96
970 96
971 96
972 96
973 96
974 96
975 96
976 96
977 96
978 96
979 96
980 96
981 96
982 96
983 96
984 96
985 96
986 96
987 96
988 96
989 96
990 96
991 96
992 96
993 96
994 96
995 96
996 96
997 96
998 96
999 96
1000 96
