1 50
2 50
3 51
4 51
5 51
6 51
7 51
8 51
9 51
10 51
11 51
12 51
13 51
14 51
15 51
16 51
17 51
18 51
19 51
20 53
21 54
22 55
23 55
24 55
25 55
26 55
27 55
28 55
29 55
30 55
31 55
32 55
33 55
34 55
35 55
36 55
37 55
38 55
39 55
40 55
41 55
42 55
43 55
44 55
45 55
46 55
47 55
48 55
49 55
50 55
51 55
52 55
53 55
54 55
55 55
56 55
57 55
58 55
59 55
60 55
61 55
62 55
63 55
64 55
65 55
66 55
67 55
68 55
69 55
70 55
71 55
72 55
73 55
74 55
75 55
76 55
77 55
78 55
79 55
80 55
81 55
82 55
83 55
84 55
85 55
86 55
87 55
88 55
89 55
90 55
91 55
92 55
93 55
94 55
95 55
96 55
97 55
98 55
99 55
100 55
101 55
102 55
103 55
104 55
105 55
106 55
107 55
108 55
109 55
110 55
111 55
112 55
113 55
114 55
115 55
116 55
117 55
118 55
119 55
120 55
121 55
122 55
123 55
124 55
125 55
126 55
127 55
128 55
129 55
130 55
131 55
132 55
133 55
134 55
135 55
136 55
137 55
138 55
139 55
140 55
141 55
142 55
143 55
144 55
145 55
146 55
147 55
148 55
149 55
150 55
151 55
152 55
153 55
154 55
155 55
156 55
157 55
158 55
159 55
160 55
161 55
162 55
163 55
164 55
165 55
166 55
167 55
168 55
169 55
170 55
171 55
172 55
173 55
174 55
175 55
176 55
177 55
178 55
179 55
180 55
181 55
182 55
183 55
184 55
185 55
186 55
187 55
188 55
189 55
190 55
191 55
192 55
193 55
194 55
195 55
196 55
197 55
198 55
199 55
200 55
201 55
202 55
203 55
204 55
205 55
206 55
207 55
208 55
209 55
210 55
211 55
212 55
213 55
214 55
215 55
216 55
217 55
218 55
219 55
220 55
221 55
222 55
223 55
224 55
225 55
226 55
227 55
228 55
229 55
230 55
231 55
232 55
233 55
234 55
235 55
236 55
237 55
238 55
239 55
240 55
241 55
242 55
243 55
244 55
245 55
246 55
247 55
248 55
249 55
250 55
251 55
252 55
253 55
254 56
255 56
256 56
257 56
258 56
259 56
260 56
261 57
262 57
263 57
264 57
265 57
266 57
267 57
268 57
269 57
270 60
271 60
272 60
273 60
274 60
275 60
276 60
277 60
278 60
279 60
280 60
281 60
282 60
283 61
284 61
285 61
286 61
287 61
288 61
289 61
290 61
291 61
292 61
293 61
294 61
295 61
296 61
297 61
298 61
299 61
300 61
301 61
302 61
303 61
304 61
305 61
306 61
307 61
308 61
309 61
310 61
311 61
312 61
313 61
314 61
315 61
316 61
317 61
318 61
319 61
320 61
321 61
322 61
323 61
324 61
325 61
326 61
327 61
328 61
329 61
330 61
331 61
332 61
333 61
334 61
335 61
336 61
337 61
338 61
339 61
340 61
341 61
342 61
343 61
344 61
345 61
346 61
347 61
348 61
349 61
350 61
351 61
352 61
353 61
354 61
355 61
356 61
357 61
358 61
359 61
360 61
361 61
362 61
363 61
364 61
365 61
366 61
367 61
368 61
369 61
370 61
371 61
372 61
373 61
374 61
375 61
376 61
377 61
378 61
379 61
380 61
381 61
382 61
383 61
384 61
385 61
386 61
387 61
388 61
389 61
390 61
391 61
392 61
393 61
394 61
395 61
396 61
397 61
398 61
399 61
400 61
401 61
402 61
403 61
404 61
405 61
406 61
407 61
408 61
409 61
410 61
411 61
412 61
413 61
414 61
415 61
416 61
417 61
418 61
419 61
420 61
421 61
422 61
423 61
424 61
425 61
426 61
427 61
428 61
429 61
430 61
431 61
432 61
433 61
434 61
435 61
436 61
437 61
438 61
439 61
440 61
441 61
442 61
443 61
444 61
445 61
446 61
447 61
448 61
449 61
450 61
451 61
452 61
453 61
454 61
455 61
456 61
457 61
458 61
459 61
460 61
461 61
462 61
463 61
464 61
465 61
466 61
467 61
468 61
469 61
470 61
471 61
472 61
473 61
474 61
475 61
476 61
477 61
478 61
479 61
480 62
481 62
482 63
483 64
484 64
485 64
486 66
487 66
488 67
489 67
490 67
491 67
492 67
493 67
494 67
495 67
496 67
497 67
498 67
499 67
500 67
501 67
502 67
503 67
504 68
505 68
506 69
507 69
508 69
509 69
510 69
511 70
512 70
513 71
514 71
515 71
516 71
517 71
518 71
519 71
520 71
521 71
522 71
523 73
524 73
525 73
526 73
527 74
528 74
529 74
530 74
531 74
532 74
533 74
534 74
535 74
536 74
537 74
538 74
539 74
540 74
541 74
542 76
543 76
544 76
545 77
546 77
547 77
548 77
549 77
550 77
551 77
552 77
553 79
554 79
555 79
556 79
557 79
558 79
559 80
560 80
561 80
562 80
563 80
564 80
565 80
566 80
567 80
568 80
569 80
570 81
571 81
572 82
573 82
574 82
575 82
576 82
577 82
578 82
579 82
580 82
581 82
582 82
583 82
584 82
585 82
586 82
587 82
588 82
589 82
590 82
591 84
592 84
593 84
594 84
595 84
596 84
597 84
598 84
599 84
600 84
601 84
602 84
603 84
604 84
605 84
606 84
607 84
608 85
609 86
610 86
611 86
612 86
613 86
614 86
615 86
616 86
617 86
618 86
619 86
620 86
621 86
622 86
623 86
624 86
625 86
626 86
627 86
628 86
629 86
630 86
631 86
632 86
633 86
634 86
635 86
636 86
637 86
638 86
639 87
640 87
641 87
642 87
643 87
644 87
645 88
646 88
647 88
648 88
649 88
650 88
651 88
652 88
653 88
654 88
655 88
656 88
657 88
658 88
659 89
660 89
661 89
662 89
663 89
664 89
665 89
666 89
667 89
668 89
669 89
670 89
671 89
672 90
673 90
674 90
675 90
676 90
677 90
678 90
679 90
680 90
681 90
682 90
683 90
684 90
685 90
686 90
687 90
688 90
689 90
690 90
691 90
692 90
693 90
694 90
695 90
696 90
697 90
698 90
699 90
700 90
701 90
702 92
703 92
704 92
705 92
706 92
707 92
708 92
709 92
710 92
711 92
712 92
713 92
714 92
715 92
716 92
717 92
718 92
719 92
720 92
721 92
722 92
723 92
724 92
725 92
726 92
727 92
728 92
729 92
730 92
731 92
732 93
733 93
734 93
735 93
736 93
737 93
738 93
739 93
740 93
741 93
742 93
743 93
744 93
745 93
746 93
747 93
748 93
749 93
750 93
751 93
752 93
753 94
754 94
755 94
756 94
757 94
758 94
759 94
760 94
761 94
762 94
763 94
764 94
765 94
766 94
767 94
768 94
769 94
770 94
771 94
772 94
773 94
774 94
775 94
776 94
777 94
778 94
779 94
780 94
781 94
782 94
783 94
784 94
785 94
786 94
787 94
788 94
789 94
790 94
791 94
792 94
793 94
794 94
795 94
796 94
797 94
798 94
799 94
800 94
801 94
802 94
803 94
804 94
805 94
806 94
807 94
808 94
809 94
810 94
811 94
812 94
813 94
814 94
815 94
816 94
817 94
818 94
819 94
820 94
821 94
822 94
823 94
824 94
825 94
826 94
827 94
828 94
829 94
830 94
831 94
832 94
833 94
834 94
835 94
836 94
837 94
838 94
839 94
840 94
841 94
842 94
843 94
844 94
845 94
846 94
847 94
848 94
849 94
850 94
851 94
852 94
853 94
854 94
855 94
856 94
857 94
858 94
859 94
860 94
861 94
862 94
863 94
864 94
865 94
866 94
867 94
868 94
869 94
870 94
871 94
872 94
873 94
874 94
875 94
876 94
877 94
878 94
879 94
880 94
881 94
882 94
883 94
884 94
885 94
886 94
887 94
888 94
889 95
890 95
891 95
892 95
893 95
894 95
895 95
896 95
897 95
898 95
899 95
900 95
901 95
902 95
903 95
904 95
905 95
906 95
907 95
908 95
909 95
910 95
911 95
912 95
913 95
914 95
915 95
916 95
917 95
918 95
919 95
920 95
921 95
922 95
923 95
924 95
925 95
926 95
927 95
928 95
929 95
930 95
931 95
932 95
933 95
934 95
935 95
936 95
937 95
938 95
939 95
940 95
941 95
942 95
943 95
944 95
945 95
946 95
947 95
948 95
949 95
950 95
951 95
952 95
953 95
954 95
955 95
956 95
957 95
958 95
959 95
960 95
961 95
962 95
963 95
964 95
965 95
966 95
967 95
968 95
969 95
970 95
971 95
972 95
973 95
974 95
975 95
976 95
977 95
978 95
979 95
980 95
981 95
982 95
983 95
984 95
985 95
986 95
987 95
988 95
989 95
990 95
991 95
992 95
993 95
994 95
995 95
996 96
997 96
998 96
999 96
1000 96
