1 57
2 57
3 57
4 57
5 57
6 57
7 57
8 58
9 59
10 60
11 60
12 60
13 60
14 60
15 61
16 61
17 61
18 62
19 62
20 63
21 64
22 65
23 66
24 66
25 66
26 67
27 68
28 68
29 68
30 68
31 68
32 68
33 68
34 69
35 70
36 70
37 71
38 71
39 72
40 72
41 73
42 73
43 73
44 73
45 73
46 73
47 74
48 74
49 74
50 75
51 75
52 75
53 75
54 75
55 75
56 75
57 75
58 76
59 76
60 76
61 76
62 76
63 76
64 76
65 77
66 77
67 77
68 77
69 78
70 78
71 78
72 78
73 79
74 79
75 79
76 80
77 81
78 81
79 81
80 82
81 83
82 83
83 83
84 83
85 83
86 83
87 83
88 83
89 83
90 83
91 83
92 83
93 83
94 83
95 84
96 84
97 84
98 84
99 84
100 84
101 84
102 84
103 84
104 84
105 85
106 85
107 85
108 85
109 85
110 85
111 85
112 85
113 85
114 85
115 85
116 85
117 85
118 85
119 85
120 85
121 85
122 85
123 85
124 85
125 85
126 85
127 85
128 85
129 85
130 85
131 85
132 85
133 85
134 86
135 86
136 86
137 86
138 86
139 86
140 86
141 86
142 86
143 86
144 86
145 86
146 86
147 86
148 86
149 86
150 86
151 86
152 86
153 86
154 86
155 87
156 87
157 87
158 87
159 87
160 87
161 87
162 88
163 88
164 88
165 88
166 89
167 89
168 90
169 90
170 90
171 90
172 91
173 91
174 91
175 91
176 92
177 92
178 92
179 92
180 93
181 93
182 93
183 93
184 93
185 93
186 93
187 93
188 93
189 93
190 93
191 93
192 93
193 93
194 93
195 93
196 93
197 93
198 93
199 93
200 93
201 93
202 93
203 93
204 93
205 93
206 93
207 94
208 94
209 94
210 94
211 94
212 94
213 94
214 94
215 94
216 94
217 94
218 94
219 94
220 94
221 94
222 94
223 94
224 94
225 94
226 94
227 94
228 94
229 94
230 94
231 94
232 95
233 96
234 96
235 96
236 96
237 96
238 96
239 96
240 96
241 96
242 96
243 96
244 96
245 96
246 96
247 96
248 96
249 96
250 96
251 96
252 96
253 96
254 96
255 96
256 96
257 96
258 96
259 96
260 96
261 96
262 96
263 96
264 96
265 96
266 96
267 96
268 96
269 96
270 96
271 96
272 96
273 96
274 96
275 96
276 96
277 96
278 96
279 96
280 96
281 96
282 96
283 96
284 96
285 96
286 96
287 96
288 96
289 96
290 97
291 97
292 97
293 98
294 98
295 98
296 98
297 98
298 98
299 98
300 98
301 98
302 98
303 98
304 98
305 98
306 98
307 98
308 98
309 98
310 99
311 99
312 99
313 99
314 99
315 99
316 99
317 99
318 99
319 99
320 99
321 99
322 99
323 99
324 99
325 99
326 99
327 99
328 99
329 99
330 99
331 99
332 99
333 99
334 99
335 99
336 99
337 99
338 99
339 99
340 99
341 99
342 99
343 99
344 99
345 99
346 99
347 99
348 99
349 99
350 99
351 99
352 99
353 99
354 99
355 99
356 99
357 99
358 99
359 99
360 99
361 99
362 99
363 99
364 99
365 99
366 99
367 99
368 99
369 99
370 99
371 99
372 99
373 99
374 99
375 99
376 99
377 99
378 99
379 99
380 99
381 99
382 99
383 99
384 99
385 99
386 99
387 99
388 99
389 99
390 99
391 99
392 99
393 99
394 99
395 99
396 99
397 99
398 99
399 99
400 99
401 99
402 99
403 99
404 99
405 99
406 99
407 99
408 99
409 99
410 99
411 99
412 99
413 99
414 99
415 99
416 99
417 99
418 99
419 99
420 99
421 99
422 99
423 99
424 99
425 99
426 99
427 99
428 99
429 99
430 99
431 99
432 99
433 99
434 99
435 99
436 99
437 99
438 99
439 99
440 99
441 99
442 99
443 99
444 99
445 99
446 99
447 99
448 99
449 99
450 99
451 99
452 99
453 99
454 99
455 99
456 99
457 99
458 99
459 99
460 99
461 99
462 99
463 99
464 99
465 99
466 99
467 99
468 99
469 99
470 99
471 99
472 99
473 99
474 99
475 99
476 99
477 99
478 99
479 99
480 99
481 99
482 99
483 99
484 99
485 99
486 99
487 99
488 99
489 99
490 99
491 99
492 99
493 99
494 99
495 99
496 99
497 99
498 99
499 99
500 99
501 99
502 99
503 99
504 99
505 99
506 99
507 99
508 99
509 99
510 99
511 99
512 99
513 99
514 99
515 99
516 99
517 99
518 99
519 99
520 99
521 99
522 99
523 99
524 99
525 99
526 99
527 99
528 99
529 99
530 99
531 99
532 99
533 99
534 99
535 99
536 99
537 99
538 99
539 99
540 99
541 99
542 99
543 99
544 99
545 99
546 99
547 99
548 99
549 99
550 99
551 99
552 99
553 99
554 99
555 99
556 99
557 99
558 99
559 99
560 99
561 99
562 99
563 99
564 99
565 99
566 99
567 99
568 99
569 99
570 99
571 99
572 99
573 99
574 99
575 99
576 99
577 99
578 99
579 99
580 99
581 99
582 99
583 99
584 99
585 99
586 99
587 99
588 99
589 99
590 99
591 99
592 99
593 99
594 99
595 99
596 99
597 99
598 99
599 99
600 99
601 99
602 99
603 99
604 99
605 99
606 99
607 99
608 99
609 99
610 99
611 99
612 99
613 99
614 99
615 99
616 99
617 99
618 99
619 99
620 99
621 99
622 99
623 99
624 99
625 99
626 99
627 99
628 99
629 99
630 99
631 99
632 99
633 99
634 99
635 99
636 99
637 99
638 99
639 99
640 99
641 99
642 99
643 99
644 99
645 99
646 99
647 99
648 99
649 99
650 99
651 99
652 99
653 99
654 99
655 99
656 99
657 99
658 99
659 99
660 99
661 99
662 99
663 99
664 99
665 99
666 99
667 99
668 99
669 99
670 99
671 99
672 99
673 99
674 99
675 99
676 99
677 99
678 99
679 99
680 99
681 99
682 99
683 99
684 99
685 99
686 99
687 99
688 99
689 99
690 99
691 99
692 99
693 99
694 99
695 99
696 99
697 99
698 99
699 99
700 99
701 99
702 99
703 99
704 99
705 99
706 99
707 99
708 99
709 99
710 99
711 99
712 99
713 99
714 99
715 99
716 99
717 99
718 99
719 99
720 99
721 99
722 99
723 99
724 99
725 99
726 99
727 99
728 99
729 99
730 99
731 99
732 99
733 99
734 99
735 99
736 99
737 99
738 99
739 99
740 99
741 99
742 99
743 99
744 99
745 99
746 99
747 99
748 99
749 99
750 99
751 99
752 99
753 99
754 99
755 99
756 99
757 99
758 99
759 99
760 99
761 99
762 99
763 99
764 99
765 99
766 99
767 99
768 99
769 99
770 99
771 99
772 99
773 99
774 99
775 99
776 99
777 99
778 99
779 99
780 99
781 99
782 99
783 99
784 99
785 99
786 99
787 99
788 99
789 100
790 100
791 100
792 100
793 100
794 100
795 100
796 100
797 100
798 100
799 100
800 100
801 100
802 100
803 100
804 100
805 100
806 100
807 100
808 100
809 100
810 100
811 100
812 100
813 100
814 100
815 100
816 100
817 100
818 100
819 100
820 100
821 100
822 100
823 100
824 100
825 100
826 100
827 100
828 100
829 100
830 100
831 100
832 100
833 100
834 100
835 100
836 100
837 100
838 100
839 100
840 100
841 100
842 100
843 100
844 100
845 100
846 100
847 100
848 100
849 100
850 100
851 100
852 100
853 100
854 100
855 100
856 100
857 100
858 100
859 100
860 100
861 100
862 100
863 100
864 100
865 100
866 100
867 100
868 100
869 100
870 100
871 100
872 100
873 100
874 100
875 100
876 100
877 100
878 100
879 100
880 100
881 100
882 100
883 100
884 100
885 100
886 100
887 100
888 100
889 100
890 100
891 100
892 100
893 100
894 100
895 100
896 100
897 100
898 100
899 100
900 100
901 100
902 100
903 100
904 100
905 100
906 100
907 100
908 100
909 100
910 100
911 100
912 100
913 100
914 100
915 100
916 100
917 100
918 100
919 100
920 100
921 100
922 100
923 100
924 100
925 100
926 100
927 100
928 100
929 100
930 100
931 100
932 100
933 100
934 100
935 100
936 100
937 100
938 100
939 100
940 100
941 100
942 100
943 100
944 100
945 100
946 100
947 100
948 100
949 100
950 100
951 100
952 100
953 100
954 100
955 100
956 100
957 100
958 100
959 100
960 100
961 100
962 100
963 100
964 100
965 100
966 100
967 100
968 100
969 100
970 100
971 100
972 100
973 100
974 100
975 100
976 100
977 100
978 100
979 100
980 100
981 100
982 100
983 100
984 100
985 100
986 100
987 100
988 100
989 100
990 100
991 100
992 100
993 100
994 100
995 100
996 100
997 100
998 100
999 100
1000 100
