1 49
2 49
3 50
4 50
5 51
6 52
7 53
8 54
9 54
10 55
11 56
12 56
13 56
14 57
15 57
16 57
17 57
18 58
19 58
20 59
21 60
22 61
23 62
24 63
25 63
26 63
27 63
28 63
29 64
30 64
31 64
32 65
33 65
34 66
35 67
36 68
37 68
38 69
39 70
40 71
41 71
42 71
43 71
44 71
45 72
46 72
47 73
48 74
49 74
50 74
51 74
52 74
53 74
54 74
55 75
56 75
57 75
58 75
59 75
60 76
61 76
62 77
63 78
64 79
65 79
66 80
67 80
68 81
69 82
70 82
71 82
72 83
73 83
74 83
75 83
76 83
77 83
78 84
79 84
80 84
81 84
82 84
83 84
84 84
85 84
86 84
87 85
88 85
89 85
90 85
91 85
92 85
93 85
94 85
95 85
96 85
97 85
98 85
99 86
100 86
101 86
102 86
103 86
104 86
105 86
106 86
107 86
108 87
109 87
110 87
111 87
112 87
113 87
114 87
115 87
116 87
117 87
118 87
119 87
120 87
121 87
122 87
123 87
124 87
125 87
126 87
127 87
128 87
129 87
130 87
131 87
132 87
133 87
134 87
135 87
136 87
137 87
138 87
139 87
140 87
141 88
142 88
143 88
144 88
145 88
146 88
147 88
148 88
149 88
150 88
151 88
152 88
153 89
154 89
155 89
156 89
157 89
158 89
159 89
160 89
161 89
162 89
163 89
164 89
165 89
166 89
167 89
168 89
169 89
170 89
171 89
172 89
173 89
174 89
175 89
176 89
177 89
178 89
179 89
180 89
181 89
182 89
183 89
184 89
185 89
186 89
187 90
188 90
189 90
190 90
191 90
192 90
193 90
194 90
195 90
196 90
197 90
198 90
199 90
200 90
201 90
202 90
203 90
204 90
205 90
206 90
207 90
208 90
209 90
210 90
211 90
212 91
213 91
214 91
215 91
216 91
217 92
218 92
219 92
220 92
221 92
222 92
223 92
224 92
225 92
226 92
227 92
228 92
229 92
230 92
231 92
232 92
233 92
234 92
235 92
236 92
237 92
238 92
239 92
240 92
241 92
242 92
243 92
244 92
245 92
246 92
247 92
248 92
249 92
250 92
251 92
252 92
253 92
254 92
255 92
256 92
257 92
258 92
259 92
260 92
261 92
262 92
263 92
264 92
265 92
266 92
267 92
268 92
269 92
270 92
271 92
272 93
273 93
274 93
275 93
276 93
277 93
278 94
279 94
280 94
281 94
282 94
283 94
284 94
285 94
286 94
287 94
288 94
289 94
290 94
291 94
292 94
293 94
294 94
295 94
296 94
297 94
298 94
299 94
300 94
301 94
302 94
303 94
304 94
305 94
306 94
307 94
308 94
309 94
310 94
311 94
312 94
313 94
314 95
315 95
316 95
317 95
318 95
319 95
320 95
321 95
322 95
323 95
324 95
325 95
326 95
327 95
328 95
329 95
330 95
331 95
332 95
333 95
334 95
335 95
336 95
337 95
338 95
339 95
340 95
341 95
342 95
343 95
344 95
345 95
346 95
347 95
348 95
349 95
350 95
351 95
352 95
353 95
354 95
355 95
356 95
357 95
358 95
359 95
360 95
361 95
362 95
363 95
364 95
365 95
366 95
367 95
368 95
369 95
370 95
371 95
372 95
373 95
374 95
375 95
376 95
377 95
378 95
379 95
380 95
381 96
382 96
383 96
384 96
385 96
386 96
387 96
388 96
389 96
390 96
391 96
392 96
393 96
394 96
395 96
396 96
397 96
398 96
399 96
400 96
401 96
402 96
403 96
404 96
405 96
406 96
407 96
408 96
409 96
410 97
411 97
412 97
413 97
414 97
415 97
416 97
417 97
418 97
419 97
420 97
421 97
422 97
423 97
424 97
425 97
426 97
427 97
428 97
429 97
430 97
431 97
432 97
433 97
434 97
435 97
436 97
437 97
438 97
439 97
440 97
441 97
442 97
443 97
444 97
445 97
446 97
447 97
448 97
449 97
450 97
451 97
452 97
453 97
454 97
455 97
456 97
457 97
458 97
459 97
460 97
461 97
462 97
463 97
464 97
465 97
466 97
467 97
468 97
469 97
470 97
471 97
472 97
473 97
474 97
475 97
476 97
477 97
478 97
479 97
480 97
481 97
482 97
483 97
484 97
485 97
486 97
487 97
488 97
489 97
490 97
491 97
492 97
493 97
494 97
495 97
496 97
497 97
498 97
499 97
500 97
501 97
502 97
503 97
504 97
505 97
506 97
507 97
508 97
509 97
510 97
511 97
512 97
513 97
514 97
515 97
516 97
517 97
518 97
519 97
520 97
521 97
522 97
523 97
524 97
525 97
526 97
527 97
528 97
529 97
530 97
531 97
532 97
533 97
534 97
535 97
536 97
537 97
538 97
539 97
540 97
541 97
542 97
543 97
544 97
545 97
546 97
547 97
548 97
549 97
550 97
551 97
552 97
553 97
554 97
555 97
556 97
557 97
558 97
559 97
560 97
561 97
562 97
563 97
564 97
565 97
566 97
567 97
568 97
569 97
570 97
571 97
572 97
573 97
574 97
575 97
576 98
577 98
578 98
579 98
580 98
581 98
582 98
583 98
584 98
585 98
586 98
587 98
588 98
589 98
590 98
591 98
592 98
593 98
594 98
595 98
596 98
597 98
598 98
599 98
600 98
601 98
602 98
603 98
604 98
605 98
606 98
607 98
608 98
609 98
610 98
611 98
612 98
613 98
614 98
615 98
616 98
617 98
618 98
619 98
620 98
621 98
622 98
623 98
624 98
625 98
626 98
627 98
628 98
629 98
630 98
631 98
632 98
633 98
634 98
635 98
636 98
637 98
638 98
639 98
640 98
641 98
642 98
643 99
644 99
645 99
646 99
647 99
648 99
649 99
650 99
651 99
652 99
653 99
654 99
655 99
656 99
657 99
658 99
659 99
660 99
661 99
662 99
663 99
664 99
665 99
666 99
667 99
668 99
669 99
670 99
671 99
672 99
673 99
674 99
675 99
676 99
677 99
678 99
679 99
680 99
681 99
682 99
683 99
684 100
685 100
686 100
687 100
688 100
689 100
690 100
691 100
692 100
693 100
694 100
695 100
696 100
697 100
698 100
699 100
700 100
701 100
702 100
703 100
704 100
705 100
706 100
707 100
708 100
709 100
710 100
711 100
712 100
713 100
714 100
715 100
716 100
717 100
718 100
719 100
720 100
721 100
722 100
723 100
724 100
725 100
726 100
727 100
728 100
729 100
730 100
731 100
732 100
733 100
734 100
735 100
736 100
737 100
738 100
739 100
740 100
741 100
742 100
743 100
744 100
745 100
746 100
747 100
748 100
749 100
750 100
751 100
752 100
753 100
754 100
755 100
756 100
757 100
758 100
759 100
760 100
761 100
762 100
763 100
764 100
765 100
766 100
767 100
768 100
769 100
770 100
771 100
772 100
773 100
774 100
775 100
776 100
777 100
778 100
779 100
780 100
781 100
782 100
783 100
784 100
785 100
786 100
787 100
788 100
789 100
790 100
791 100
792 100
793 100
794 100
795 100
796 100
797 100
798 100
799 100
800 100
801 100
802 100
803 100
804 100
805 100
806 100
807 100
808 100
809 100
810 100
811 100
812 100
813 100
814 100
815 100
816 100
817 100
818 100
819 100
820 100
821 100
822 100
823 100
824 100
825 100
826 100
827 100
828 100
829 100
830 100
831 100
832 100
833 100
834 100
835 100
836 100
837 100
838 100
839 100
840 100
841 100
842 100
843 100
844 100
845 100
846 100
847 100
848 100
849 100
850 100
851 100
852 100
853 100
854 100
855 100
856 100
857 100
858 100
859 100
860 100
861 100
862 100
863 100
864 100
865 100
866 100
867 100
868 100
869 100
870 100
871 100
872 100
873 100
874 100
875 100
876 100
877 100
878 100
879 100
880 100
881 100
882 100
883 100
884 100
885 100
886 100
887 100
888 100
889 100
890 100
891 100
892 100
893 100
894 100
895 100
896 100
897 100
898 100
899 100
900 100
901 100
902 100
903 100
904 100
905 100
906 100
907 100
908 100
909 100
910 100
911 100
912 100
913 100
914 100
915 100
916 100
917 100
918 100
919 100
920 100
921 100
922 100
923 100
924 100
925 100
926 100
927 100
928 100
929 100
930 100
931 100
932 100
933 100
934 100
935 100
936 100
937 100
938 100
939 100
940 100
941 100
942 100
943 100
944 100
945 100
946 100
947 100
948 100
949 100
950 100
951 100
952 100
953 100
954 100
955 100
956 100
957 100
958 100
959 100
960 100
961 100
962 100
963 100
964 100
965 100
966 100
967 100
968 100
969 100
970 100
971 100
972 100
973 100
974 100
975 100
976 100
977 100
978 100
979 100
980 100
981 100
982 100
983 100
984 100
985 100
986 100
987 100
988 100
989 100
990 100
991 100
992 100
993 100
994 100
995 100
996 100
997 100
998 100
999 100
1000 100
