1 47
2 48
3 48
4 48
5 48
6 49
7 49
8 50
9 50
10 51
11 51
12 52
13 53
14 53
15 54
16 54
17 54
18 54
19 54
20 54
21 54
22 55
23 56
24 57
25 57
26 57
27 57
28 57
29 58
30 58
31 58
32 59
33 59
34 59
35 60
36 60
37 60
38 60
39 60
40 61
41 61
42 62
43 62
44 63
45 63
46 63
47 63
48 63
49 63
50 63
51 63
52 63
53 63
54 64
55 64
56 64
57 64
58 65
59 66
60 67
61 68
62 68
63 68
64 68
65 68
66 68
67 68
68 69
69 69
70 69
71 70
72 70
73 70
74 71
75 72
76 72
77 72
78 73
79 73
80 73
81 73
82 73
83 73
84 74
85 74
86 75
87 75
88 75
89 75
90 75
91 75
92 76
93 77
94 78
95 78
96 78
97 78
98 78
99 78
100 79
101 79
102 79
103 79
104 79
105 79
106 79
107 79
108 79
109 80
110 80
111 80
112 80
113 80
114 80
115 81
116 81
117 81
118 82
119 82
120 83
121 83
122 84
123 84
124 84
125 84
126 84
127 84
128 84
129 84
130 85
131 85
132 85
133 85
134 85
135 85
136 85
137 85
138 85
139 85
140 86
141 86
142 86
143 86
144 87
145 87
146 87
147 87
148 87
149 87
150 87
151 87
152 88
153 88
154 88
155 88
156 88
157 88
158 88
159 88
160 88
161 88
162 88
163 88
164 89
165 89
166 89
167 89
168 89
169 89
170 89
171 90
172 91
173 92
174 92
175 92
176 92
177 92
178 92
179 92
180 92
181 92
182 92
183 92
184 92
185 92
186 92
187 92
188 92
189 92
190 92
191 92
192 92
193 92
194 92
195 92
196 92
197 92
198 92
199 92
200 92
201 92
202 92
203 92
204 92
205 92
206 92
207 92
208 92
209 92
210 92
211 92
212 92
213 92
214 92
215 92
216 92
217 92
218 92
219 92
220 92
221 93
222 93
223 93
224 93
225 94
226 94
227 94
228 94
229 94
230 94
231 95
232 95
233 95
234 95
235 95
236 95
237 95
238 95
239 95
240 95
241 95
242 95
243 95
244 95
245 95
246 95
247 95
248 95
249 95
250 95
251 95
252 95
253 95
254 96
255 96
256 96
257 96
258 96
259 96
260 96
261 96
262 96
263 96
264 96
265 96
266 96
267 96
268 96
269 96
270 96
271 96
272 96
273 96
274 96
275 96
276 97
277 97
278 97
279 97
280 97
281 97
282 97
283 97
284 97
285 97
286 97
287 97
288 97
289 97
290 97
291 97
292 97
293 97
294 97
295 97
296 97
297 97
298 97
299 97
300 97
301 97
302 97
303 97
304 97
305 97
306 97
307 97
308 97
309 97
310 97
311 97
312 97
313 97
314 97
315 97
316 97
317 97
318 97
319 97
320 97
321 97
322 97
323 97
324 97
325 97
326 97
327 97
328 97
329 97
330 97
331 97
332 97
333 97
334 97
335 97
336 97
337 97
338 97
339 97
340 97
341 97
342 97
343 97
344 97
345 97
346 97
347 97
348 97
349 98
350 98
351 98
352 98
353 98
354 98
355 98
356 98
357 98
358 98
359 98
360 98
361 98
362 98
363 98
364 98
365 98
366 98
367 98
368 98
369 98
370 98
371 98
372 98
373 98
374 98
375 98
376 98
377 98
378 98
379 98
380 98
381 98
382 98
383 98
384 98
385 98
386 98
387 98
388 98
389 98
390 99
391 99
392 99
393 99
394 99
395 99
396 99
397 99
398 99
399 99
400 99
401 99
402 99
403 99
404 99
405 99
406 99
407 99
408 99
409 99
410 99
411 99
412 99
413 99
414 99
415 99
416 99
417 99
418 99
419 99
420 99
421 99
422 99
423 99
424 99
425 99
426 99
427 99
428 99
429 99
430 99
431 99
432 99
433 99
434 99
435 99
436 99
437 99
438 99
439 99
440 99
441 99
442 99
443 99
444 99
445 99
446 99
447 99
448 99
449 99
450 99
451 99
452 99
453 99
454 99
455 99
456 99
457 99
458 99
459 99
460 99
461 99
462 99
463 99
464 99
465 99
466 99
467 99
468 99
469 99
470 99
471 99
472 99
473 99
474 99
475 99
476 99
477 99
478 99
479 99
480 99
481 99
482 99
483 99
484 99
485 99
486 99
487 99
488 99
489 99
490 99
491 99
492 99
493 99
494 99
495 99
496 99
497 99
498 99
499 99
500 99
501 99
502 99
503 99
504 99
505 99
506 99
507 99
508 99
509 99
510 99
511 99
512 99
513 99
514 99
515 99
516 99
517 99
518 99
519 99
520 99
521 99
522 99
523 99
524 99
525 99
526 99
527 99
528 99
529 99
530 99
531 99
532 99
533 99
534 99
535 99
536 99
537 99
538 99
539 99
540 99
541 99
542 99
543 99
544 99
545 99
546 99
547 99
548 99
549 99
550 99
551 99
552 99
553 99
554 99
555 99
556 99
557 99
558 99
559 99
560 99
561 99
562 99
563 99
564 99
565 99
566 99
567 99
568 99
569 99
570 99
571 99
572 99
573 99
574 99
575 99
576 99
577 99
578 99
579 99
580 99
581 99
582 99
583 99
584 99
585 99
586 99
587 99
588 100
589 100
590 100
591 100
592 100
593 100
594 100
595 100
596 100
597 100
598 100
599 100
600 100
601 100
602 100
603 100
604 100
605 100
606 100
607 100
608 100
609 100
610 100
611 100
612 100
613 100
614 100
615 100
616 100
617 100
618 100
619 100
620 100
621 100
622 100
623 100
624 100
625 100
626 100
627 100
628 100
629 100
630 100
631 100
632 100
633 100
634 100
635 100
636 100
637 100
638 100
639 100
640 100
641 100
642 100
643 100
644 100
645 100
646 100
647 100
648 100
649 100
650 100
651 100
652 100
653 100
654 100
655 100
656 100
657 100
658 100
659 100
660 100
661 100
662 100
663 100
664 100
665 100
666 100
667 100
668 100
669 100
670 100
671 100
672 100
673 100
674 100
675 100
676 100
677 100
678 100
679 100
680 100
681 100
682 100
683 100
684 100
685 100
686 100
687 100
688 100
689 100
690 100
691 100
692 100
693 100
694 100
695 100
696 100
697 100
698 100
699 100
700 100
701 100
702 100
703 100
704 100
705 100
706 100
707 100
708 100
709 100
710 100
711 100
712 100
713 100
714 100
715 100
716 100
717 100
718 100
719 100
720 100
721 100
722 100
723 100
724 100
725 100
726 100
727 100
728 100
729 100
730 100
731 100
732 100
733 100
734 100
735 100
736 100
737 100
738 100
739 100
740 100
741 100
742 100
743 100
744 100
745 100
746 100
747 100
748 100
749 100
750 100
751 100
752 100
753 100
754 100
755 100
756 100
757 100
758 100
759 100
760 100
761 100
762 100
763 100
764 100
765 100
766 100
767 100
768 100
769 100
770 100
771 100
772 100
773 100
774 100
775 100
776 100
777 100
778 100
779 100
780 100
781 100
782 100
783 100
784 100
785 100
786 100
787 100
788 100
789 100
790 100
791 100
792 100
793 100
794 100
795 100
796 100
797 100
798 100
799 100
800 100
801 100
802 100
803 100
804 100
805 100
806 100
807 100
808 100
809 100
810 100
811 100
812 100
813 100
814 100
815 100
816 100
817 100
818 100
819 100
820 100
821 100
822 100
823 100
824 100
825 100
826 100
827 100
828 100
829 100
830 100
831 100
832 100
833 100
834 100
835 100
836 100
837 100
838 100
839 100
840 100
841 100
842 100
843 100
844 100
845 100
846 100
847 100
848 100
849 100
850 100
851 100
852 100
853 100
854 100
855 100
856 100
857 100
858 100
859 100
860 100
861 100
862 100
863 100
864 100
865 100
866 100
867 100
868 100
869 100
870 100
871 100
872 100
873 100
874 100
875 100
876 100
877 100
878 100
879 100
880 100
881 100
882 100
883 100
884 100
885 100
886 100
887 100
888 100
889 100
890 100
891 100
892 100
893 100
894 100
895 100
896 100
897 100
898 100
899 100
900 100
901 100
902 100
903 100
904 100
905 100
906 100
907 100
908 100
909 100
910 100
911 100
912 100
913 100
914 100
915 100
916 100
917 100
918 100
919 100
920 100
921 100
922 100
923 100
924 100
925 100
926 100
927 100
928 100
929 100
930 100
931 100
932 100
933 100
934 100
935 100
936 100
937 100
938 100
939 100
940 100
941 100
942 100
943 100
944 100
945 100
946 100
947 100
948 100
949 100
950 100
951 100
952 100
953 100
954 100
955 100
956 100
957 100
958 100
959 100
960 100
961 100
962 100
963 100
964 100
965 100
966 100
967 100
968 100
969 100
970 100
971 100
972 100
973 100
974 100
975 100
976 100
977 100
978 100
979 100
980 100
981 100
982 100
983 100
984 100
985 100
986 100
987 100
988 100
989 100
990 100
991 100
992 100
993 100
994 100
995 100
996 100
997 100
998 100
999 100
1000 100
