1 58
2 58
3 58
4 59
5 59
6 59
7 59
8 59
9 60
10 61
11 61
12 62
13 62
14 63
15 63
16 64
17 64
18 64
19 65
20 65
21 65
22 65
23 65
24 66
25 66
26 67
27 67
28 67
29 68
30 68
31 68
32 68
33 69
34 69
35 69
36 69
37 69
38 70
39 70
40 71
41 72
42 73
43 73
44 73
45 73
46 73
47 73
48 73
49 73
50 74
51 74
52 74
53 74
54 74
55 74
56 74
57 74
58 75
59 76
60 76
61 76
62 76
63 77
64 77
65 78
66 78
67 78
68 78
69 78
70 78
71 78
72 78
73 78
74 78
75 78
76 78
77 78
78 78
79 78
80 78
81 79
82 79
83 79
84 79
85 79
86 79
87 79
88 79
89 79
90 79
91 79
92 80
93 80
94 80
95 80
96 80
97 80
98 80
99 80
100 80
101 80
102 80
103 80
104 80
105 81
106 81
107 81
108 82
109 82
110 82
111 82
112 82
113 82
114 82
115 82
116 82
117 82
118 83
119 84
120 84
121 85
122 85
123 85
124 85
125 85
126 85
127 85
128 86
129 86
130 86
131 86
132 86
133 87
134 87
135 87
136 88
137 89
138 89
139 89
140 89
141 89
142 89
143 89
144 89
145 89
146 89
147 89
148 89
149 89
150 90
151 91
152 91
153 91
154 91
155 92
156 92
157 92
158 92
159 92
160 93
161 93
162 93
163 93
164 93
165 93
166 93
167 93
168 93
169 93
170 94
171 94
172 94
173 94
174 94
175 94
176 94
177 94
178 94
179 94
180 94
181 94
182 94
183 94
184 94
185 94
186 94
187 94
188 95
189 95
190 96
191 96
192 96
193 96
194 96
195 96
196 96
197 96
198 96
199 96
200 96
201 96
202 96
203 96
204 96
205 96
206 96
207 96
208 96
209 96
210 96
211 96
212 96
213 96
214 96
215 96
216 96
217 96
218 96
219 96
220 96
221 96
222 96
223 96
224 96
225 96
226 96
227 97
228 97
229 97
230 97
231 97
232 97
233 97
234 97
235 97
236 97
237 97
238 97
239 97
240 97
241 97
242 97
243 98
244 98
245 98
246 98
247 98
248 98
249 98
250 98
251 99
252 99
253 99
254 99
255 99
256 99
257 99
258 99
259 99
260 99
261 99
262 99
263 99
264 99
265 99
266 99
267 99
268 99
269 99
270 99
271 99
272 99
273 99
274 99
275 99
276 99
277 99
278 99
279 99
280 99
281 99
282 99
283 99
284 99
285 99
286 99
287 99
288 99
289 99
290 99
291 99
292 99
293 99
294 99
295 99
296 99
297 99
298 99
299 99
300 99
301 99
302 99
303 99
304 99
305 99
306 99
307 99
308 99
309 99
310 99
311 99
312 99
313 99
314 99
315 99
316 99
317 99
318 99
319 99
320 99
321 99
322 99
323 99
324 99
325 99
326 99
327 99
328 99
329 99
330 99
331 99
332 99
333 99
334 99
335 99
336 99
337 99
338 99
339 99
340 99
341 99
342 99
343 99
344 99
345 99
346 99
347 99
348 99
349 99
350 99
351 99
352 99
353 99
354 99
355 99
356 99
357 99
358 99
359 99
360 99
361 99
362 99
363 99
364 99
365 99
366 99
367 99
368 99
369 99
370 99
371 99
372 99
373 99
374 99
375 99
376 99
377 99
378 99
379 99
380 99
381 99
382 99
383 99
384 99
385 99
386 99
387 99
388 99
389 99
390 99
391 99
392 99
393 99
394 99
395 99
396 99
397 99
398 99
399 99
400 99
401 99
402 99
403 99
404 99
405 99
406 99
407 99
408 99
409 99
410 99
411 99
412 99
413 99
414 99
415 99
416 99
417 99
418 99
419 99
420 99
421 99
422 99
423 99
424 99
425 99
426 99
427 99
428 99
429 99
430 99
431 99
432 99
433 99
434 99
435 99
436 99
437 99
438 99
439 99
440 99
441 100
442 100
443 100
444 100
445 100
446 100
447 100
448 100
449 100
450 100
451 100
452 100
453 100
454 100
455 100
456 100
457 100
458 100
459 100
460 100
461 100
462 100
463 100
464 100
465 100
466 100
467 100
468 100
469 100
470 100
471 100
472 100
473 100
474 100
475 100
476 100
477 100
478 100
479 100
480 100
481 100
482 100
483 100
484 100
485 100
486 100
487 100
488 100
489 100
490 100
491 100
492 100
493 100
494 100
495 100
496 100
497 100
498 100
499 100
500 100
501 100
502 100
503 100
504 100
505 100
506 100
507 100
508 100
509 100
510 100
511 100
512 100
513 100
514 100
515 100
516 100
517 100
518 100
519 100
520 100
521 100
522 100
523 100
524 100
525 100
526 100
527 100
528 100
529 100
530 100
531 100
532 100
533 100
534 100
535 100
536 100
537 100
538 100
539 100
540 100
541 100
542 100
543 100
544 100
545 100
546 100
547 100
548 100
549 100
550 100
551 100
552 100
553 100
554 100
555 100
556 100
557 100
558 100
559 100
560 100
561 100
562 100
563 100
564 100
565 100
566 100
567 100
568 100
569 100
570 100
571 100
572 100
573 100
574 100
575 100
576 100
577 100
578 100
579 100
580 100
581 100
582 100
583 100
584 100
585 100
586 100
587 100
588 100
589 100
590 100
591 100
592 100
593 100
594 100
595 100
596 100
597 100
598 100
599 100
600 100
601 100
602 100
603 100
604 100
605 100
606 100
607 100
608 100
609 100
610 100
611 100
612 100
613 100
614 100
615 100
616 100
617 100
618 100
619 100
620 100
621 100
622 100
623 100
624 100
625 100
626 100
627 100
628 100
629 100
630 100
631 100
632 100
633 100
634 100
635 100
636 100
637 100
638 100
639 100
640 100
641 100
642 100
643 100
644 100
645 100
646 100
647 100
648 100
649 100
650 100
651 100
652 100
653 100
654 100
655 100
656 100
657 100
658 100
659 100
660 100
661 100
662 100
663 100
664 100
665 100
666 100
667 100
668 100
669 100
670 100
671 100
672 100
673 100
674 100
675 100
676 100
677 100
678 100
679 100
680 100
681 100
682 100
683 100
684 100
685 100
686 100
687 100
688 100
689 100
690 100
691 100
692 100
693 100
694 100
695 100
696 100
697 100
698 100
699 100
700 100
701 100
702 100
703 100
704 100
705 100
706 100
707 100
708 100
709 100
710 100
711 100
712 100
713 100
714 100
715 100
716 100
717 100
718 100
719 100
720 100
721 100
722 100
723 100
724 100
725 100
726 100
727 100
728 100
729 100
730 100
731 100
732 100
733 100
734 100
735 100
736 100
737 100
738 100
739 100
740 100
741 100
742 100
743 100
744 100
745 100
746 100
747 100
748 100
749 100
750 100
751 100
752 100
753 100
754 100
755 100
756 100
757 100
758 100
759 100
760 100
761 100
762 100
763 100
764 100
765 100
766 100
767 100
768 100
769 100
770 100
771 100
772 100
773 100
774 100
775 100
776 100
777 100
778 100
779 100
780 100
781 100
782 100
783 100
784 100
785 100
786 100
787 100
788 100
789 100
790 100
791 100
792 100
793 100
794 100
795 100
796 100
797 100
798 100
799 100
800 100
801 100
802 100
803 100
804 100
805 100
806 100
807 100
808 100
809 100
810 100
811 100
812 100
813 100
814 100
815 100
816 100
817 100
818 100
819 100
820 100
821 100
822 100
823 100
824 100
825 100
826 100
827 100
828 100
829 100
830 100
831 100
832 100
833 100
834 100
835 100
836 100
837 100
838 100
839 100
840 100
841 100
842 100
843 100
844 100
845 100
846 100
847 100
848 100
849 100
850 100
851 100
852 100
853 100
854 100
855 100
856 100
857 100
858 100
859 100
860 100
861 100
862 100
863 100
864 100
865 100
866 100
867 100
868 100
869 100
870 100
871 100
872 100
873 100
874 100
875 100
876 100
877 100
878 100
879 100
880 100
881 100
882 100
883 100
884 100
885 100
886 100
887 100
888 100
889 100
890 100
891 100
892 100
893 100
894 100
895 100
896 100
897 100
898 100
899 100
900 100
901 100
902 100
903 100
904 100
905 100
906 100
907 100
908 100
909 100
910 100
911 100
912 100
913 100
914 100
915 100
916 100
917 100
918 100
919 100
920 100
921 100
922 100
923 100
924 100
925 100
926 100
927 100
928 100
929 100
930 100
931 100
932 100
933 100
934 100
935 100
936 100
937 100
938 100
939 100
940 100
941 100
942 100
943 100
944 100
945 100
946 100
947 100
948 100
949 100
950 100
951 100
952 100
953 100
954 100
955 100
956 100
957 100
958 100
959 100
960 100
961 100
962 100
963 100
964 100
965 100
966 100
967 100
968 100
969 100
970 100
971 100
972 100
973 100
974 100
975 100
976 100
977 100
978 100
979 100
980 100
981 100
982 100
983 100
984 100
985 100
986 100
987 100
988 100
989 100
990 100
991 100
992 100
993 100
994 100
995 100
996 100
997 100
998 100
999 100
1000 100
