1 49
2 50
3 51
4 51
5 52
6 53
7 53
8 53
9 53
10 54
11 54
12 55
13 55
14 56
15 56
16 57
17 57
18 57
19 57
20 57
21 57
22 58
23 58
24 59
25 60
26 60
27 61
28 62
29 62
30 62
31 62
32 62
33 63
34 63
35 63
36 64
37 65
38 65
39 65
40 65
41 66
42 67
43 67
44 68
45 69
46 70
47 70
48 70
49 71
50 71
51 72
52 72
53 72
54 72
55 72
56 72
57 72
58 72
59 72
60 72
61 72
62 72
63 73
64 74
65 74
66 74
67 74
68 74
69 74
70 74
71 74
72 74
73 74
74 74
75 74
76 74
77 74
78 74
79 74
80 74
81 74
82 74
83 74
84 74
85 74
86 74
87 75
88 76
89 76
90 76
91 76
92 77
93 77
94 77
95 77
96 77
97 77
98 77
99 77
100 77
101 77
102 77
103 77
104 77
105 77
106 77
107 78
108 78
109 78
110 78
111 79
112 79
113 80
114 80
115 81
116 81
117 81
118 81
119 81
120 82
121 82
122 82
123 82
124 82
125 82
126 82
127 82
128 82
129 82
130 82
131 82
132 83
133 83
134 83
135 83
136 83
137 83
138 83
139 83
140 83
141 83
142 83
143 83
144 83
145 83
146 83
147 83
148 83
149 83
150 83
151 83
152 83
153 84
154 85
155 85
156 85
157 85
158 85
159 86
160 86
161 87
162 87
163 88
164 88
165 88
166 88
167 88
168 88
169 89
170 89
171 89
172 89
173 89
174 90
175 90
176 90
177 91
178 91
179 91
180 91
181 91
182 91
183 91
184 91
185 92
186 92
187 92
188 92
189 93
190 93
191 93
192 93
193 93
194 93
195 93
196 93
197 93
198 93
199 93
200 93
201 93
202 93
203 93
204 93
205 93
206 93
207 93
208 93
209 93
210 93
211 93
212 93
213 93
214 93
215 93
216 93
217 93
218 93
219 93
220 93
221 93
222 93
223 93
224 94
225 94
226 94
227 94
228 94
229 94
230 94
231 94
232 94
233 94
234 94
235 95
236 95
237 95
238 95
239 95
240 95
241 95
242 95
243 95
244 95
245 95
246 95
247 95
248 95
249 95
250 95
251 95
252 95
253 95
254 95
255 95
256 95
257 95
258 95
259 95
260 96
261 96
262 96
263 96
264 96
265 96
266 96
267 96
268 96
269 96
270 96
271 96
272 96
273 96
274 96
275 96
276 96
277 96
278 96
279 96
280 96
281 96
282 96
283 96
284 96
285 96
286 96
287 96
288 96
289 96
290 97
291 97
292 97
293 97
294 97
295 97
296 97
297 97
298 97
299 97
300 97
301 97
302 97
303 97
304 97
305 97
306 97
307 97
308 97
309 97
310 97
311 97
312 97
313 97
314 97
315 97
316 97
317 97
318 97
319 97
320 97
321 97
322 97
323 97
324 97
325 97
326 97
327 97
328 97
329 97
330 97
331 97
332 97
333 97
334 97
335 97
336 97
337 97
338 97
339 97
340 97
341 97
342 97
343 97
344 97
345 97
346 97
347 97
348 97
349 97
350 97
351 97
352 97
353 97
354 97
355 97
356 97
357 97
358 97
359 97
360 97
361 97
362 97
363 97
364 97
365 97
366 97
367 97
368 97
369 97
370 98
371 98
372 98
373 98
374 98
375 98
376 98
377 98
378 98
379 98
380 98
381 98
382 98
383 98
384 98
385 98
386 98
387 98
388 98
389 98
390 98
391 98
392 98
393 98
394 98
395 98
396 98
397 98
398 98
399 98
400 98
401 98
402 98
403 98
404 98
405 98
406 98
407 98
408 98
409 98
410 98
411 98
412 98
413 98
414 98
415 98
416 98
417 98
418 98
419 98
420 98
421 98
422 98
423 98
424 98
425 98
426 98
427 98
428 98
429 98
430 98
431 98
432 98
433 98
434 98
435 98
436 98
437 98
438 98
439 98
440 98
441 98
442 98
443 98
444 98
445 98
446 98
447 98
448 98
449 98
450 98
451 98
452 98
453 98
454 98
455 98
456 98
457 98
458 98
459 99
460 99
461 99
462 99
463 99
464 99
465 99
466 99
467 99
468 99
469 99
470 99
471 99
472 99
473 99
474 99
475 99
476 100
477 100
478 100
479 100
480 100
481 100
482 100
483 100
484 100
485 100
486 100
487 100
488 100
489 100
490 100
491 100
492 100
493 100
494 100
495 100
496 100
497 100
498 100
499 100
500 100
501 100
502 100
503 100
504 100
505 100
506 100
507 100
508 100
509 100
510 100
511 100
512 100
513 100
514 100
515 100
516 100
517 100
518 100
519 100
520 100
521 100
522 100
523 100
524 100
525 100
526 100
527 100
528 100
529 100
530 100
531 100
532 100
533 100
534 100
535 100
536 100
537 100
538 100
539 100
540 100
541 100
542 100
543 100
544 100
545 100
546 100
547 100
548 100
549 100
550 100
551 100
552 100
553 100
554 100
555 100
556 100
557 100
558 100
559 100
560 100
561 100
562 100
563 100
564 100
565 100
566 100
567 100
568 100
569 100
570 100
571 100
572 100
573 100
574 100
575 100
576 100
577 100
578 100
579 100
580 100
581 100
582 100
583 100
584 100
585 100
586 100
587 100
588 100
589 100
590 100
591 100
592 100
593 100
594 100
595 100
596 100
597 100
598 100
599 100
600 100
601 100
602 100
603 100
604 100
605 100
606 100
607 100
608 100
609 100
610 100
611 100
612 100
613 100
614 100
615 100
616 100
617 100
618 100
619 100
620 100
621 100
622 100
623 100
624 100
625 100
626 100
627 100
628 100
629 100
630 100
631 100
632 100
633 100
634 100
635 100
636 100
637 100
638 100
639 100
640 100
641 100
642 100
643 100
644 100
645 100
646 100
647 100
648 100
649 100
650 100
651 100
652 100
653 100
654 100
655 100
656 100
657 100
658 100
659 100
660 100
661 100
662 100
663 100
664 100
665 100
666 100
667 100
668 100
669 100
670 100
671 100
672 100
673 100
674 100
675 100
676 100
677 100
678 100
679 100
680 100
681 100
682 100
683 100
684 100
685 100
686 100
687 100
688 100
689 100
690 100
691 100
692 100
693 100
694 100
695 100
696 100
697 100
698 100
699 100
700 100
701 100
702 100
703 100
704 100
705 100
706 100
707 100
708 100
709 100
710 100
711 100
712 100
713 100
714 100
715 100
716 100
717 100
718 100
719 100
720 100
721 100
722 100
723 100
724 100
725 100
726 100
727 100
728 100
729 100
730 100
731 100
732 100
733 100
734 100
735 100
736 100
737 100
738 100
739 100
740 100
741 100
742 100
743 100
744 100
745 100
746 100
747 100
748 100
749 100
750 100
751 100
752 100
753 100
754 100
755 100
756 100
757 100
758 100
759 100
760 100
761 100
762 100
763 100
764 100
765 100
766 100
767 100
768 100
769 100
770 100
771 100
772 100
773 100
774 100
775 100
776 100
777 100
778 100
779 100
780 100
781 100
782 100
783 100
784 100
785 100
786 100
787 100
788 100
789 100
790 100
791 100
792 100
793 100
794 100
795 100
796 100
797 100
798 100
799 100
800 100
801 100
802 100
803 100
804 100
805 100
806 100
807 100
808 100
809 100
810 100
811 100
812 100
813 100
814 100
815 100
816 100
817 100
818 100
819 100
820 100
821 100
822 100
823 100
824 100
825 100
826 100
827 100
828 100
829 100
830 100
831 100
832 100
833 100
834 100
835 100
836 100
837 100
838 100
839 100
840 100
841 100
842 100
843 100
844 100
845 100
846 100
847 100
848 100
849 100
850 100
851 100
852 100
853 100
854 100
855 100
856 100
857 100
858 100
859 100
860 100
861 100
862 100
863 100
864 100
865 100
866 100
867 100
868 100
869 100
870 100
871 100
872 100
873 100
874 100
875 100
876 100
877 100
878 100
879 100
880 100
881 100
882 100
883 100
884 100
885 100
886 100
887 100
888 100
889 100
890 100
891 100
892 100
893 100
894 100
895 100
896 100
897 100
898 100
899 100
900 100
901 100
902 100
903 100
904 100
905 100
906 100
907 100
908 100
909 100
910 100
911 100
912 100
913 100
914 100
915 100
916 100
917 100
918 100
919 100
920 100
921 100
922 100
923 100
924 100
925 100
926 100
927 100
928 100
929 100
930 100
931 100
932 100
933 100
934 100
935 100
936 100
937 100
938 100
939 100
940 100
941 100
942 100
943 100
944 100
945 100
946 100
947 100
948 100
949 100
950 100
951 100
952 100
953 100
954 100
955 100
956 100
957 100
958 100
959 100
960 100
961 100
962 100
963 100
964 100
965 100
966 100
967 100
968 100
969 100
970 100
971 100
972 100
973 100
974 100
975 100
976 100
977 100
978 100
979 100
980 100
981 100
982 100
983 100
984 100
985 100
986 100
987 100
988 100
989 100
990 100
991 100
992 100
993 100
994 100
995 100
996 100
997 100
998 100
999 100
1000 100
