1 49
2 50
3 50
4 51
5 51
6 52
7 52
8 52
9 53
10 53
11 54
12 54
13 54
14 54
15 54
16 54
17 55
18 55
19 56
20 57
21 58
22 58
23 59
24 60
25 61
26 61
27 61
28 62
29 63
30 63
31 63
32 63
33 63
34 64
35 64
36 65
37 65
38 65
39 65
40 65
41 65
42 65
43 66
44 67
45 67
46 67
47 67
48 67
49 67
50 67
51 67
52 67
53 68
54 68
55 68
56 68
57 68
58 69
59 70
60 70
61 70
62 70
63 70
64 70
65 70
66 70
67 71
68 72
69 72
70 72
71 72
72 72
73 72
74 73
75 73
76 74
77 75
78 75
79 75
80 75
81 75
82 75
83 75
84 76
85 76
86 76
87 77
88 77
89 77
90 77
91 77
92 78
93 78
94 78
95 78
96 78
97 78
98 78
99 78
100 78
101 78
102 79
103 79
104 80
105 80
106 80
107 80
108 80
109 80
110 80
111 80
112 80
113 81
114 81
115 81
116 81
117 82
118 82
119 82
120 82
121 83
122 84
123 84
124 85
125 85
126 85
127 85
128 85
129 85
130 85
131 85
132 86
133 86
134 87
135 88
136 88
137 88
138 88
139 88
140 88
141 89
142 89
143 89
144 89
145 89
146 89
147 89
148 89
149 89
150 89
151 89
152 90
153 90
154 90
155 90
156 90
157 90
158 90
159 90
160 91
161 91
162 91
163 91
164 91
165 92
166 93
167 93
168 93
169 93
170 93
171 93
172 93
173 93
174 93
175 93
176 93
177 93
178 93
179 93
180 93
181 93
182 94
183 94
184 94
185 94
186 94
187 94
188 94
189 94
190 94
191 94
192 94
193 94
194 94
195 94
196 94
197 94
198 95
199 95
200 95
201 95
202 95
203 95
204 95
205 95
206 95
207 95
208 95
209 95
210 95
211 95
212 95
213 95
214 95
215 95
216 95
217 95
218 95
219 95
220 96
221 96
222 96
223 96
224 96
225 96
226 96
227 96
228 96
229 96
230 96
231 96
232 96
233 96
234 96
235 96
236 96
237 96
238 96
239 96
240 97
241 97
242 97
243 97
244 97
245 97
246 97
247 97
248 97
249 97
250 97
251 97
252 97
253 97
254 97
255 97
256 97
257 97
258 97
259 98
260 98
261 98
262 98
263 98
264 98
265 98
266 98
267 98
268 98
269 98
270 98
271 98
272 98
273 98
274 98
275 98
276 98
277 98
278 98
279 98
280 98
281 98
282 98
283 98
284 98
285 98
286 98
287 98
288 98
289 98
290 98
291 98
292 98
293 98
294 98
295 98
296 98
297 98
298 98
299 98
300 98
301 98
302 98
303 98
304 98
305 98
306 98
307 98
308 98
309 98
310 98
311 98
312 98
313 98
314 98
315 98
316 98
317 98
318 98
319 98
320 98
321 98
322 98
323 98
324 98
325 98
326 98
327 98
328 98
329 98
330 98
331 98
332 98
333 98
334 98
335 98
336 98
337 98
338 98
339 98
340 98
341 98
342 98
343 98
344 98
345 98
346 98
347 98
348 98
349 98
350 98
351 98
352 99
353 99
354 99
355 99
356 100
357 100
358 100
359 100
360 100
361 100
362 100
363 100
364 100
365 100
366 100
367 100
368 100
369 100
370 100
371 100
372 100
373 100
374 100
375 100
376 100
377 100
378 100
379 100
380 100
381 100
382 100
383 100
384 100
385 100
386 100
387 100
388 100
389 100
390 100
391 100
392 100
393 100
394 100
395 100
396 100
397 100
398 100
399 100
400 100
401 100
402 100
403 100
404 100
405 100
406 100
407 100
408 100
409 100
410 100
411 100
412 100
413 100
414 100
415 100
416 100
417 100
418 100
419 100
420 100
421 100
422 100
423 100
424 100
425 100
426 100
427 100
428 100
429 100
430 100
431 100
432 100
433 100
434 100
435 100
436 100
437 100
438 100
439 100
440 100
441 100
442 100
443 100
444 100
445 100
446 100
447 100
448 100
449 100
450 100
451 100
452 100
453 100
454 100
455 100
456 100
457 100
458 100
459 100
460 100
461 100
462 100
463 100
464 100
465 100
466 100
467 100
468 100
469 100
470 100
471 100
472 100
473 100
474 100
475 100
476 100
477 100
478 100
479 100
480 100
481 100
482 100
483 100
484 100
485 100
486 100
487 100
488 100
489 100
490 100
491 100
492 100
493 100
494 100
495 100
496 100
497 100
498 100
499 100
500 100
501 100
502 100
503 100
504 100
505 100
506 100
507 100
508 100
509 100
510 100
511 100
512 100
513 100
514 100
515 100
516 100
517 100
518 100
519 100
520 100
521 100
522 100
523 100
524 100
525 100
526 100
527 100
528 100
529 100
530 100
531 100
532 100
533 100
534 100
535 100
536 100
537 100
538 100
539 100
540 100
541 100
542 100
543 100
544 100
545 100
546 100
547 100
548 100
549 100
550 100
551 100
552 100
553 100
554 100
555 100
556 100
557 100
558 100
559 100
560 100
561 100
562 100
563 100
564 100
565 100
566 100
567 100
568 100
569 100
570 100
571 100
572 100
573 100
574 100
575 100
576 100
577 100
578 100
579 100
580 100
581 100
582 100
583 100
584 100
585 100
586 100
587 100
588 100
589 100
590 100
591 100
592 100
593 100
594 100
595 100
596 100
597 100
598 100
599 100
600 100
601 100
602 100
603 100
604 100
605 100
606 100
607 100
608 100
609 100
610 100
611 100
612 100
613 100
614 100
615 100
616 100
617 100
618 100
619 100
620 100
621 100
622 100
623 100
624 100
625 100
626 100
627 100
628 100
629 100
630 100
631 100
632 100
633 100
634 100
635 100
636 100
637 100
638 100
639 100
640 100
641 100
642 100
643 100
644 100
645 100
646 100
647 100
648 100
649 100
650 100
651 100
652 100
653 100
654 100
655 100
656 100
657 100
658 100
659 100
660 100
661 100
662 100
663 100
664 100
665 100
666 100
667 100
668 100
669 100
670 100
671 100
672 100
673 100
674 100
675 100
676 100
677 100
678 100
679 100
680 100
681 100
682 100
683 100
684 100
685 100
686 100
687 100
688 100
689 100
690 100
691 100
692 100
693 100
694 100
695 100
696 100
697 100
698 100
699 100
700 100
701 100
702 100
703 100
704 100
705 100
706 100
707 100
708 100
709 100
710 100
711 100
712 100
713 100
714 100
715 100
716 100
717 100
718 100
719 100
720 100
721 100
722 100
723 100
724 100
725 100
726 100
727 100
728 100
729 100
730 100
731 100
732 100
733 100
734 100
735 100
736 100
737 100
738 100
739 100
740 100
741 100
742 100
743 100
744 100
745 100
746 100
747 100
748 100
749 100
750 100
751 100
752 100
753 100
754 100
755 100
756 100
757 100
758 100
759 100
760 100
761 100
762 100
763 100
764 100
765 100
766 100
767 100
768 100
769 100
770 100
771 100
772 100
773 100
774 100
775 100
776 100
777 100
778 100
779 100
780 100
781 100
782 100
783 100
784 100
785 100
786 100
787 100
788 100
789 100
790 100
791 100
792 100
793 100
794 100
795 100
796 100
797 100
798 100
799 100
800 100
801 100
802 100
803 100
804 100
805 100
806 100
807 100
808 100
809 100
810 100
811 100
812 100
813 100
814 100
815 100
816 100
817 100
818 100
819 100
820 100
821 100
822 100
823 100
824 100
825 100
826 100
827 100
828 100
829 100
830 100
831 100
832 100
833 100
834 100
835 100
836 100
837 100
838 100
839 100
840 100
841 100
842 100
843 100
844 100
845 100
846 100
847 100
848 100
849 100
850 100
851 100
852 100
853 100
854 100
855 100
856 100
857 100
858 100
859 100
860 100
861 100
862 100
863 100
864 100
865 100
866 100
867 100
868 100
869 100
870 100
871 100
872 100
873 100
874 100
875 100
876 100
877 100
878 100
879 100
880 100
881 100
882 100
883 100
884 100
885 100
886 100
887 100
888 100
889 100
890 100
891 100
892 100
893 100
894 100
895 100
896 100
897 100
898 100
899 100
900 100
901 100
902 100
903 100
904 100
905 100
906 100
907 100
908 100
909 100
910 100
911 100
912 100
913 100
914 100
915 100
916 100
917 100
918 100
919 100
920 100
921 100
922 100
923 100
924 100
925 100
926 100
927 100
928 100
929 100
930 100
931 100
932 100
933 100
934 100
935 100
936 100
937 100
938 100
939 100
940 100
941 100
942 100
943 100
944 100
945 100
946 100
947 100
948 100
949 100
950 100
951 100
952 100
953 100
954 100
955 100
956 100
957 100
958 100
959 100
960 100
961 100
962 100
963 100
964 100
965 100
966 100
967 100
968 100
969 100
970 100
971 100
972 100
973 100
974 100
975 100
976 100
977 100
978 100
979 100
980 100
981 100
982 100
983 100
984 100
985 100
986 100
987 100
988 100
989 100
990 100
991 100
992 100
993 100
994 100
995 100
996 100
997 100
998 100
999 100
1000 100
