1 54
2 55
3 55
4 55
5 55
6 55
7 55
8 55
9 56
10 56
11 57
12 57
13 58
14 59
15 60
16 60
17 60
18 61
19 61
20 61
21 61
22 61
23 62
24 62
25 62
26 63
27 63
28 63
29 63
30 64
31 65
32 65
33 65
34 66
35 66
36 67
37 67
38 67
39 68
40 68
41 68
42 68
43 68
44 68
45 69
46 69
47 69
48 70
49 71
50 71
51 72
52 72
53 73
54 73
55 74
56 74
57 75
58 75
59 75
60 75
61 76
62 76
63 77
64 77
65 77
66 78
67 78
68 78
69 78
70 78
71 79
72 79
73 79
74 79
75 79
76 79
77 79
78 79
79 79
80 79
81 80
82 80
83 80
84 80
85 80
86 80
87 80
88 80
89 80
90 80
91 80
92 80
93 80
94 80
95 81
96 82
97 82
98 82
99 82
100 82
101 82
102 82
103 82
104 82
105 83
106 83
107 83
108 83
109 83
110 83
111 83
112 83
113 83
114 84
115 84
116 84
117 84
118 84
119 84
120 84
121 84
122 84
123 84
124 84
125 84
126 84
127 84
128 84
129 84
130 84
131 84
132 84
133 84
134 84
135 84
136 84
137 84
138 84
139 84
140 84
141 84
142 84
143 84
144 85
145 85
146 86
147 86
148 86
149 86
150 87
151 87
152 87
153 87
154 87
155 87
156 88
157 88
158 88
159 89
160 89
161 90
162 90
163 90
164 90
165 90
166 91
167 91
168 91
169 91
170 91
171 91
172 91
173 91
174 91
175 91
176 91
177 91
178 91
179 91
180 91
181 91
182 91
183 91
184 92
185 92
186 92
187 92
188 92
189 92
190 92
191 93
192 93
193 94
194 94
195 94
196 94
197 94
198 94
199 94
200 94
201 94
202 94
203 94
204 94
205 94
206 94
207 94
208 94
209 94
210 94
211 94
212 94
213 94
214 94
215 94
216 94
217 94
218 94
219 94
220 94
221 94
222 94
223 94
224 94
225 94
226 94
227 94
228 94
229 94
230 94
231 94
232 94
233 94
234 94
235 94
236 94
237 94
238 94
239 94
240 94
241 94
242 94
243 94
244 94
245 94
246 94
247 94
248 94
249 94
250 94
251 94
252 94
253 95
254 95
255 95
256 95
257 95
258 95
259 95
260 95
261 95
262 95
263 95
264 95
265 95
266 95
267 95
268 95
269 95
270 95
271 95
272 95
273 95
274 95
275 95
276 95
277 95
278 95
279 95
280 95
281 95
282 95
283 95
284 95
285 95
286 95
287 95
288 95
289 95
290 95
291 95
292 95
293 95
294 95
295 95
296 96
297 96
298 96
299 96
300 96
301 96
302 96
303 96
304 96
305 96
306 96
307 96
308 96
309 96
310 97
311 97
312 97
313 97
314 98
315 98
316 98
317 98
318 98
319 98
320 98
321 98
322 98
323 98
324 98
325 98
326 98
327 98
328 98
329 98
330 98
331 98
332 98
333 98
334 98
335 98
336 98
337 98
338 98
339 98
340 98
341 98
342 98
343 98
344 98
345 98
346 98
347 98
348 98
349 98
350 98
351 98
352 98
353 98
354 98
355 98
356 98
357 98
358 98
359 98
360 98
361 98
362 98
363 98
364 98
365 98
366 98
367 98
368 99
369 99
370 99
371 99
372 99
373 99
374 99
375 99
376 99
377 99
378 99
379 99
380 99
381 99
382 99
383 99
384 99
385 99
386 99
387 99
388 99
389 99
390 99
391 99
392 99
393 99
394 99
395 99
396 99
397 99
398 99
399 99
400 99
401 99
402 99
403 99
404 99
405 99
406 99
407 99
408 99
409 99
410 99
411 99
412 99
413 99
414 99
415 99
416 99
417 99
418 99
419 99
420 99
421 99
422 99
423 99
424 99
425 99
426 99
427 99
428 99
429 99
430 99
431 99
432 99
433 99
434 99
435 99
436 99
437 99
438 100
439 100
440 100
441 100
442 100
443 100
444 100
445 100
446 100
447 100
448 100
449 100
450 100
451 100
452 100
453 100
454 100
455 100
456 100
457 100
458 100
459 100
460 100
461 100
462 100
463 100
464 100
465 100
466 100
467 100
468 100
469 100
470 100
471 100
472 100
473 100
474 100
475 100
476 100
477 100
478 100
479 100
480 100
481 100
482 100
483 100
484 100
485 100
486 100
487 100
488 100
489 100
490 100
491 100
492 100
493 100
494 100
495 100
496 100
497 100
498 100
499 100
500 100
501 100
502 100
503 100
504 100
505 100
506 100
507 100
508 100
509 100
510 100
511 100
512 100
513 100
514 100
515 100
516 100
517 100
518 100
519 100
520 100
521 100
522 100
523 100
524 100
525 100
526 100
527 100
528 100
529 100
530 100
531 100
532 100
533 100
534 100
535 100
536 100
537 100
538 100
539 100
540 100
541 100
542 100
543 100
544 100
545 100
546 100
547 100
548 100
549 100
550 100
551 100
552 100
553 100
554 100
555 100
556 100
557 100
558 100
559 100
560 100
561 100
562 100
563 100
564 100
565 100
566 100
567 100
568 100
569 100
570 100
571 100
572 100
573 100
574 100
575 100
576 100
577 100
578 100
579 100
580 100
581 100
582 100
583 100
584 100
585 100
586 100
587 100
588 100
589 100
590 100
591 100
592 100
593 100
594 100
595 100
596 100
597 100
598 100
599 100
600 100
601 100
602 100
603 100
604 100
605 100
606 100
607 100
608 100
609 100
610 100
611 100
612 100
613 100
614 100
615 100
616 100
617 100
618 100
619 100
620 100
621 100
622 100
623 100
624 100
625 100
626 100
627 100
628 100
629 100
630 100
631 100
632 100
633 100
634 100
635 100
636 100
637 100
638 100
639 100
640 100
641 100
642 100
643 100
644 100
645 100
646 100
647 100
648 100
649 100
650 100
651 100
652 100
653 100
654 100
655 100
656 100
657 100
658 100
659 100
660 100
661 100
662 100
663 100
664 100
665 100
666 100
667 100
668 100
669 100
670 100
671 100
672 100
673 100
674 100
675 100
676 100
677 100
678 100
679 100
680 100
681 100
682 100
683 100
684 100
685 100
686 100
687 100
688 100
689 100
690 100
691 100
692 100
693 100
694 100
695 100
696 100
697 100
698 100
699 100
700 100
701 100
702 100
703 100
704 100
705 100
706 100
707 100
708 100
709 100
710 100
711 100
712 100
713 100
714 100
715 100
716 100
717 100
718 100
719 100
720 100
721 100
722 100
723 100
724 100
725 100
726 100
727 100
728 100
729 100
730 100
731 100
732 100
733 100
734 100
735 100
736 100
737 100
738 100
739 100
740 100
741 100
742 100
743 100
744 100
745 100
746 100
747 100
748 100
749 100
750 100
751 100
752 100
753 100
754 100
755 100
756 100
757 100
758 100
759 100
760 100
761 100
762 100
763 100
764 100
765 100
766 100
767 100
768 100
769 100
770 100
771 100
772 100
773 100
774 100
775 100
776 100
777 100
778 100
779 100
780 100
781 100
782 100
783 100
784 100
785 100
786 100
787 100
788 100
789 100
790 100
791 100
792 100
793 100
794 100
795 100
796 100
797 100
798 100
799 100
800 100
801 100
802 100
803 100
804 100
805 100
806 100
807 100
808 100
809 100
810 100
811 100
812 100
813 100
814 100
815 100
816 100
817 100
818 100
819 100
820 100
821 100
822 100
823 100
824 100
825 100
826 100
827 100
828 100
829 100
830 100
831 100
832 100
833 100
834 100
835 100
836 100
837 100
838 100
839 100
840 100
841 100
842 100
843 100
844 100
845 100
846 100
847 100
848 100
849 100
850 100
851 100
852 100
853 100
854 100
855 100
856 100
857 100
858 100
859 100
860 100
861 100
862 100
863 100
864 100
865 100
866 100
867 100
868 100
869 100
870 100
871 100
872 100
873 100
874 100
875 100
876 100
877 100
878 100
879 100
880 100
881 100
882 100
883 100
884 100
885 100
886 100
887 100
888 100
889 100
890 100
891 100
892 100
893 100
894 100
895 100
896 100
897 100
898 100
899 100
900 100
901 100
902 100
903 100
904 100
905 100
906 100
907 100
908 100
909 100
910 100
911 100
912 100
913 100
914 100
915 100
916 100
917 100
918 100
919 100
920 100
921 100
922 100
923 100
924 100
925 100
926 100
927 100
928 100
929 100
930 100
931 100
932 100
933 100
934 100
935 100
936 100
937 100
938 100
939 100
940 100
941 100
942 100
943 100
944 100
945 100
946 100
947 100
948 100
949 100
950 100
951 100
952 100
953 100
954 100
955 100
956 100
957 100
958 100
959 100
960 100
961 100
962 100
963 100
964 100
965 100
966 100
967 100
968 100
969 100
970 100
971 100
972 100
973 100
974 100
975 100
976 100
977 100
978 100
979 100
980 100
981 100
982 100
983 100
984 100
985 100
986 100
987 100
988 100
989 100
990 100
991 100
992 100
993 100
994 100
995 100
996 100
997 100
998 100
999 100
1000 100
