1 55
2 56
3 56
4 56
5 56
6 57
7 58
8 59
9 60
10 61
11 61
12 62
13 62
14 62
15 62
16 63
17 64
18 64
19 64
20 64
21 64
22 64
23 64
24 64
25 65
26 66
27 67
28 67
29 68
30 69
31 70
32 70
33 71
34 71
35 71
36 71
37 71
38 71
39 71
40 71
41 71
42 71
43 71
44 71
45 72
46 72
47 72
48 73
49 73
50 74
51 75
52 75
53 75
54 75
55 75
56 75
57 76
58 77
59 78
60 78
61 78
62 78
63 78
64 78
65 78
66 78
67 78
68 79
69 79
70 79
71 79
72 79
73 79
74 79
75 79
76 80
77 80
78 80
79 80
80 80
81 81
82 81
83 81
84 81
85 81
86 81
87 81
88 82
89 82
90 82
91 82
92 82
93 82
94 82
95 83
96 84
97 84
98 84
99 84
100 84
101 85
102 85
103 85
104 85
105 85
106 85
107 85
108 85
109 85
110 85
111 85
112 86
113 86
114 86
115 86
116 86
117 87
118 87
119 87
120 87
121 87
122 88
123 88
124 88
125 88
126 88
127 88
128 89
129 89
130 89
131 89
132 90
133 90
134 90
135 91
136 91
137 92
138 92
139 92
140 93
141 93
142 93
143 93
144 93
145 94
146 94
147 94
148 94
149 94
150 94
151 94
152 94
153 94
154 94
155 94
156 94
157 94
158 94
159 94
160 94
161 95
162 95
163 95
164 95
165 95
166 95
167 95
168 95
169 95
170 95
171 96
172 96
173 96
174 96
175 96
176 96
177 96
178 96
179 96
180 96
181 96
182 96
183 96
184 96
185 96
186 96
187 96
188 96
189 96
190 96
191 96
192 96
193 96
194 96
195 96
196 96
197 96
198 96
199 96
200 96
201 96
202 96
203 96
204 96
205 96
206 96
207 96
208 96
209 96
210 96
211 96
212 96
213 96
214 96
215 96
216 96
217 96
218 96
219 96
220 96
221 96
222 96
223 96
224 96
225 96
226 96
227 96
228 96
229 96
230 96
231 96
232 96
233 96
234 96
235 96
236 96
237 96
238 96
239 96
240 96
241 96
242 96
243 96
244 96
245 96
246 96
247 96
248 96
249 96
250 96
251 96
252 96
253 96
254 96
255 96
256 96
257 96
258 96
259 96
260 96
261 96
262 96
263 96
264 96
265 96
266 96
267 96
268 96
269 96
270 96
271 96
272 96
273 96
274 96
275 97
276 97
277 97
278 97
279 97
280 98
281 98
282 98
283 98
284 98
285 98
286 98
287 98
288 98
289 98
290 98
291 98
292 98
293 98
294 98
295 98
296 99
297 99
298 99
299 99
300 99
301 99
302 99
303 99
304 99
305 99
306 99
307 99
308 99
309 99
310 99
311 99
312 99
313 99
314 99
315 99
316 99
317 99
318 99
319 99
320 99
321 99
322 99
323 99
324 99
325 99
326 99
327 99
328 99
329 99
330 99
331 99
332 99
333 99
334 99
335 99
336 99
337 99
338 99
339 99
340 99
341 99
342 99
343 99
344 99
345 99
346 99
347 99
348 99
349 99
350 99
351 99
352 99
353 99
354 99
355 99
356 99
357 99
358 99
359 99
360 99
361 99
362 99
363 99
364 99
365 99
366 99
367 99
368 99
369 99
370 99
371 99
372 99
373 99
374 99
375 99
376 99
377 99
378 99
379 99
380 99
381 99
382 99
383 99
384 99
385 99
386 99
387 100
388 100
389 100
390 100
391 100
392 100
393 100
394 100
395 100
396 100
397 100
398 100
399 100
400 100
401 100
402 100
403 100
404 100
405 100
406 100
407 100
408 100
409 100
410 100
411 100
412 100
413 100
414 100
415 100
416 100
417 100
418 100
419 100
420 100
421 100
422 100
423 100
424 100
425 100
426 100
427 100
428 100
429 100
430 100
431 100
432 100
433 100
434 100
435 100
436 100
437 100
438 100
439 100
440 100
441 100
442 100
443 100
444 100
445 100
446 100
447 100
448 100
449 100
450 100
451 100
452 100
453 100
454 100
455 100
456 100
457 100
458 100
459 100
460 100
461 100
462 100
463 100
464 100
465 100
466 100
467 100
468 100
469 100
470 100
471 100
472 100
473 100
474 100
475 100
476 100
477 100
478 100
479 100
480 100
481 100
482 100
483 100
484 100
485 100
486 100
487 100
488 100
489 100
490 100
491 100
492 100
493 100
494 100
495 100
496 100
497 100
498 100
499 100
500 100
501 100
502 100
503 100
504 100
505 100
506 100
507 100
508 100
509 100
510 100
511 100
512 100
513 100
514 100
515 100
516 100
517 100
518 100
519 100
520 100
521 100
522 100
523 100
524 100
525 100
526 100
527 100
528 100
529 100
530 100
531 100
532 100
533 100
534 100
535 100
536 100
537 100
538 100
539 100
540 100
541 100
542 100
543 100
544 100
545 100
546 100
547 100
548 100
549 100
550 100
551 100
552 100
553 100
554 100
555 100
556 100
557 100
558 100
559 100
560 100
561 100
562 100
563 100
564 100
565 100
566 100
567 100
568 100
569 100
570 100
571 100
572 100
573 100
574 100
575 100
576 100
577 100
578 100
579 100
580 100
581 100
582 100
583 100
584 100
585 100
586 100
587 100
588 100
589 100
590 100
591 100
592 100
593 100
594 100
595 100
596 100
597 100
598 100
599 100
600 100
601 100
602 100
603 100
604 100
605 100
606 100
607 100
608 100
609 100
610 100
611 100
612 100
613 100
614 100
615 100
616 100
617 100
618 100
619 100
620 100
621 100
622 100
623 100
624 100
625 100
626 100
627 100
628 100
629 100
630 100
631 100
632 100
633 100
634 100
635 100
636 100
637 100
638 100
639 100
640 100
641 100
642 100
643 100
644 100
645 100
646 100
647 100
648 100
649 100
650 100
651 100
652 100
653 100
654 100
655 100
656 100
657 100
658 100
659 100
660 100
661 100
662 100
663 100
664 100
665 100
666 100
667 100
668 100
669 100
670 100
671 100
672 100
673 100
674 100
675 100
676 100
677 100
678 100
679 100
680 100
681 100
682 100
683 100
684 100
685 100
686 100
687 100
688 100
689 100
690 100
691 100
692 100
693 100
694 100
695 100
696 100
697 100
698 100
699 100
700 100
701 100
702 100
703 100
704 100
705 100
706 100
707 100
708 100
709 100
710 100
711 100
712 100
713 100
714 100
715 100
716 100
717 100
718 100
719 100
720 100
721 100
722 100
723 100
724 100
725 100
726 100
727 100
728 100
729 100
730 100
731 100
732 100
733 100
734 100
735 100
736 100
737 100
738 100
739 100
740 100
741 100
742 100
743 100
744 100
745 100
746 100
747 100
748 100
749 100
750 100
751 100
752 100
753 100
754 100
755 100
756 100
757 100
758 100
759 100
760 100
761 100
762 100
763 100
764 100
765 100
766 100
767 100
768 100
769 100
770 100
771 100
772 100
773 100
774 100
775 100
776 100
777 100
778 100
779 100
780 100
781 100
782 100
783 100
784 100
785 100
786 100
787 100
788 100
789 100
790 100
791 100
792 100
793 100
794 100
795 100
796 100
797 100
798 100
799 100
800 100
801 100
802 100
803 100
804 100
805 100
806 100
807 100
808 100
809 100
810 100
811 100
812 100
813 100
814 100
815 100
816 100
817 100
818 100
819 100
820 100
821 100
822 100
823 100
824 100
825 100
826 100
827 100
828 100
829 100
830 100
831 100
832 100
833 100
834 100
835 100
836 100
837 100
838 100
839 100
840 100
841 100
842 100
843 100
844 100
845 100
846 100
847 100
848 100
849 100
850 100
851 100
852 100
853 100
854 100
855 100
856 100
857 100
858 100
859 100
860 100
861 100
862 100
863 100
864 100
865 100
866 100
867 100
868 100
869 100
870 100
871 100
872 100
873 100
874 100
875 100
876 100
877 100
878 100
879 100
880 100
881 100
882 100
883 100
884 100
885 100
886 100
887 100
888 100
889 100
890 100
891 100
892 100
893 100
894 100
895 100
896 100
897 100
898 100
899 100
900 100
901 100
902 100
903 100
904 100
905 100
906 100
907 100
908 100
909 100
910 100
911 100
912 100
913 100
914 100
915 100
916 100
917 100
918 100
919 100
920 100
921 100
922 100
923 100
924 100
925 100
926 100
927 100
928 100
929 100
930 100
931 100
932 100
933 100
934 100
935 100
936 100
937 100
938 100
939 100
940 100
941 100
942 100
943 100
944 100
945 100
946 100
947 100
948 100
949 100
950 100
951 100
952 100
953 100
954 100
955 100
956 100
957 100
958 100
959 100
960 100
961 100
962 100
963 100
964 100
965 100
966 100
967 100
968 100
969 100
970 100
971 100
972 100
973 100
974 100
975 100
976 100
977 100
978 100
979 100
980 100
981 100
982 100
983 100
984 100
985 100
986 100
987 100
988 100
989 100
990 100
991 100
992 100
993 100
994 100
995 100
996 100
997 100
998 100
999 100
1000 100
