1 59
2 60
3 61
4 62
5 62
6 62
7 63
8 63
9 64
10 64
11 64
12 65
13 65
14 65
15 66
16 66
17 67
18 67
19 67
20 67
21 67
22 68
23 68
24 68
25 68
26 68
27 68
28 68
29 69
30 69
31 69
32 70
33 70
34 70
35 71
36 72
37 73
38 74
39 74
40 74
41 74
42 74
43 74
44 74
45 74
46 74
47 74
48 74
49 74
50 74
51 74
52 74
53 74
54 74
55 75
56 75
57 76
58 76
59 76
60 76
61 76
62 77
63 77
64 78
65 79
66 79
67 79
68 79
69 79
70 79
71 80
72 80
73 80
74 80
75 81
76 81
77 81
78 81
79 82
80 82
81 82
82 82
83 82
84 82
85 83
86 83
87 83
88 83
89 83
90 83
91 84
92 85
93 85
94 85
95 86
96 86
97 86
98 86
99 86
100 87
101 87
102 87
103 88
104 89
105 89
106 89
107 89
108 89
109 90
110 90
111 90
112 90
113 90
114 90
115 90
116 90
117 90
118 90
119 90
120 90
121 90
122 90
123 90
124 90
125 91
126 91
127 91
128 91
129 91
130 91
131 92
132 92
133 93
134 93
135 93
136 93
137 93
138 93
139 94
140 94
141 94
142 95
143 95
144 95
145 95
146 95
147 95
148 95
149 95
150 95
151 95
152 95
153 95
154 95
155 95
156 95
157 95
158 96
159 96
160 96
161 96
162 96
163 96
164 96
165 96
166 96
167 96
168 96
169 96
170 96
171 96
172 96
173 96
174 96
175 96
176 96
177 96
178 96
179 96
180 96
181 96
182 96
183 96
184 96
185 96
186 96
187 96
188 96
189 96
190 96
191 96
192 96
193 97
194 98
195 98
196 98
197 98
198 98
199 98
200 98
201 98
202 98
203 98
204 98
205 98
206 98
207 98
208 98
209 98
210 98
211 98
212 98
213 98
214 98
215 98
216 98
217 98
218 98
219 98
220 98
221 98
222 98
223 98
224 98
225 98
226 98
227 98
228 98
229 98
230 98
231 98
232 98
233 98
234 98
235 98
236 98
237 98
238 99
239 99
240 99
241 99
242 99
243 99
244 99
245 99
246 99
247 99
248 99
249 99
250 99
251 99
252 99
253 99
254 99
255 99
256 99
257 99
258 99
259 99
260 99
261 99
262 99
263 99
264 99
265 99
266 99
267 99
268 99
269 99
270 99
271 99
272 99
273 99
274 99
275 99
276 99
277 99
278 99
279 99
280 99
281 99
282 99
283 99
284 99
285 99
286 99
287 99
288 99
289 99
290 99
291 99
292 99
293 99
294 99
295 99
296 99
297 99
298 99
299 99
300 99
301 99
302 99
303 99
304 100
305 100
306 100
307 100
308 100
309 100
310 100
311 100
312 100
313 100
314 100
315 100
316 100
317 100
318 100
319 100
320 100
321 100
322 100
323 100
324 100
325 100
326 100
327 100
328 100
329 100
330 100
331 100
332 100
333 100
334 100
335 100
336 100
337 100
338 100
339 100
340 100
341 100
342 100
343 100
344 100
345 100
346 100
347 100
348 100
349 100
350 100
351 100
352 100
353 100
354 100
355 100
356 100
357 100
358 100
359 100
360 100
361 100
362 100
363 100
364 100
365 100
366 100
367 100
368 100
369 100
370 100
371 100
372 100
373 100
374 100
375 100
376 100
377 100
378 100
379 100
380 100
381 100
382 100
383 100
384 100
385 100
386 100
387 100
388 100
389 100
390 100
391 100
392 100
393 100
394 100
395 100
396 100
397 100
398 100
399 100
400 100
401 100
402 100
403 100
404 100
405 100
406 100
407 100
408 100
409 100
410 100
411 100
412 100
413 100
414 100
415 100
416 100
417 100
418 100
419 100
420 100
421 100
422 100
423 100
424 100
425 100
426 100
427 100
428 100
429 100
430 100
431 100
432 100
433 100
434 100
435 100
436 100
437 100
438 100
439 100
440 100
441 100
442 100
443 100
444 100
445 100
446 100
447 100
448 100
449 100
450 100
451 100
452 100
453 100
454 100
455 100
456 100
457 100
458 100
459 100
460 100
461 100
462 100
463 100
464 100
465 100
466 100
467 100
468 100
469 100
470 100
471 100
472 100
473 100
474 100
475 100
476 100
477 100
478 100
479 100
480 100
481 100
482 100
483 100
484 100
485 100
486 100
487 100
488 100
489 100
490 100
491 100
492 100
493 100
494 100
495 100
496 100
497 100
498 100
499 100
500 100
501 100
502 100
503 100
504 100
505 100
506 100
507 100
508 100
509 100
510 100
511 100
512 100
513 100
514 100
515 100
516 100
517 100
518 100
519 100
520 100
521 100
522 100
523 100
524 100
525 100
526 100
527 100
528 100
529 100
530 100
531 100
532 100
533 100
534 100
535 100
536 100
537 100
538 100
539 100
540 100
541 100
542 100
543 100
544 100
545 100
546 100
547 100
548 100
549 100
550 100
551 100
552 100
553 100
554 100
555 100
556 100
557 100
558 100
559 100
560 100
561 100
562 100
563 100
564 100
565 100
566 100
567 100
568 100
569 100
570 100
571 100
572 100
573 100
574 100
575 100
576 100
577 100
578 100
579 100
580 100
581 100
582 100
583 100
584 100
585 100
586 100
587 100
588 100
589 100
590 100
591 100
592 100
593 100
594 100
595 100
596 100
597 100
598 100
599 100
600 100
601 100
602 100
603 100
604 100
605 100
606 100
607 100
608 100
609 100
610 100
611 100
612 100
613 100
614 100
615 100
616 100
617 100
618 100
619 100
620 100
621 100
622 100
623 100
624 100
625 100
626 100
627 100
628 100
629 100
630 100
631 100
632 100
633 100
634 100
635 100
636 100
637 100
638 100
639 100
640 100
641 100
642 100
643 100
644 100
645 100
646 100
647 100
648 100
649 100
650 100
651 100
652 100
653 100
654 100
655 100
656 100
657 100
658 100
659 100
660 100
661 100
662 100
663 100
664 100
665 100
666 100
667 100
668 100
669 100
670 100
671 100
672 100
673 100
674 100
675 100
676 100
677 100
678 100
679 100
680 100
681 100
682 100
683 100
684 100
685 100
686 100
687 100
688 100
689 100
690 100
691 100
692 100
693 100
694 100
695 100
696 100
697 100
698 100
699 100
700 100
701 100
702 100
703 100
704 100
705 100
706 100
707 100
708 100
709 100
710 100
711 100
712 100
713 100
714 100
715 100
716 100
717 100
718 100
719 100
720 100
721 100
722 100
723 100
724 100
725 100
726 100
727 100
728 100
729 100
730 100
731 100
732 100
733 100
734 100
735 100
736 100
737 100
738 100
739 100
740 100
741 100
742 100
743 100
744 100
745 100
746 100
747 100
748 100
749 100
750 100
751 100
752 100
753 100
754 100
755 100
756 100
757 100
758 100
759 100
760 100
761 100
762 100
763 100
764 100
765 100
766 100
767 100
768 100
769 100
770 100
771 100
772 100
773 100
774 100
775 100
776 100
777 100
778 100
779 100
780 100
781 100
782 100
783 100
784 100
785 100
786 100
787 100
788 100
789 100
790 100
791 100
792 100
793 100
794 100
795 100
796 100
797 100
798 100
799 100
800 100
801 100
802 100
803 100
804 100
805 100
806 100
807 100
808 100
809 100
810 100
811 100
812 100
813 100
814 100
815 100
816 100
817 100
818 100
819 100
820 100
821 100
822 100
823 100
824 100
825 100
826 100
827 100
828 100
829 100
830 100
831 100
832 100
833 100
834 100
835 100
836 100
837 100
838 100
839 100
840 100
841 100
842 100
843 100
844 100
845 100
846 100
847 100
848 100
849 100
850 100
851 100
852 100
853 100
854 100
855 100
856 100
857 100
858 100
859 100
860 100
861 100
862 100
863 100
864 100
865 100
866 100
867 100
868 100
869 100
870 100
871 100
872 100
873 100
874 100
875 100
876 100
877 100
878 100
879 100
880 100
881 100
882 100
883 100
884 100
885 100
886 100
887 100
888 100
889 100
890 100
891 100
892 100
893 100
894 100
895 100
896 100
897 100
898 100
899 100
900 100
901 100
902 100
903 100
904 100
905 100
906 100
907 100
908 100
909 100
910 100
911 100
912 100
913 100
914 100
915 100
916 100
917 100
918 100
919 100
920 100
921 100
922 100
923 100
924 100
925 100
926 100
927 100
928 100
929 100
930 100
931 100
932 100
933 100
934 100
935 100
936 100
937 100
938 100
939 100
940 100
941 100
942 100
943 100
944 100
945 100
946 100
947 100
948 100
949 100
950 100
951 100
952 100
953 100
954 100
955 100
956 100
957 100
958 100
959 100
960 100
961 100
962 100
963 100
964 100
965 100
966 100
967 100
968 100
969 100
970 100
971 100
972 100
973 100
974 100
975 100
976 100
977 100
978 100
979 100
980 100
981 100
982 100
983 100
984 100
985 100
986 100
987 100
988 100
989 100
990 100
991 100
992 100
993 100
994 100
995 100
996 100
997 100
998 100
999 100
1000 100
