1 51.9333
2 52.4667
3 52.8333
4 53.3
5 53.7333
6 54.3
7 54.7
8 55.1
9 55.6333
10 56.0667
11 56.5333
12 56.8667
13 57.3333
14 57.8333
15 58.3333
16 58.7
17 59.1667
18 59.4667
19 59.8
20 60.0333
21 60.3333
22 60.8
23 61.2667
24 61.7
25 62.1
26 62.3333
27 62.7333
28 62.9667
29 63.4667
30 63.7667
31 64.0333
32 64.3667
33 64.6667
34 64.9667
35 65.4
36 65.8333
37 66.2667
38 66.6
39 66.9333
40 67.2333
41 67.6667
42 68.0667
43 68.2667
44 68.5333
45 69
46 69.2667
47 69.4667
48 69.8333
49 70.1
50 70.5
51 70.9667
52 71.1333
53 71.4
54 71.6333
55 71.7667
56 71.9333
57 72.2333
58 72.6667
59 73.0333
60 73.3333
61 73.5667
62 73.8667
63 74.0667
64 74.3333
65 74.5667
66 74.8
67 75.0333
68 75.3
69 75.5
70 75.6333
71 75.9
72 76.1667
73 76.3333
74 76.5
75 76.9
76 77.0333
77 77.2333
78 77.3667
79 77.5333
80 77.6667
81 77.8667
82 78
83 78.0667
84 78.3333
85 78.5333
86 78.7
87 79.0667
88 79.2333
89 79.3
90 79.4
91 79.5333
92 79.8333
93 80.0333
94 80.1667
95 80.4333
96 80.6
97 80.8333
98 81
99 81.2
100 81.3667
101 81.5
102 81.6333
103 81.7667
104 81.9333
105 82.2
106 82.3
107 82.4333
108 82.6333
109 82.7333
110 82.8
111 82.9
112 83.1
113 83.2333
114 83.3333
115 83.5
116 83.6
117 83.7667
118 83.9333
119 84.0667
120 84.2333
121 84.4
122 84.5333
123 84.6333
124 84.9
125 85.0333
126 85.2667
127 85.4333
128 85.6
129 85.7333
130 85.8333
131 86
132 86.2
133 86.3
134 86.5
135 86.6
136 86.7333
137 86.8333
138 86.9
139 87
140 87.1667
141 87.2667
142 87.4333
143 87.5
144 87.7667
145 87.8667
146 87.9667
147 88.0667
148 88.2333
149 88.2333
150 88.4667
151 88.6
152 88.7
153 88.8667
154 89.0333
155 89.2
156 89.4667
157 89.5667
158 89.6667
159 89.8
160 89.9667
161 90.2
162 90.3333
163 90.3667
164 90.5
165 90.6667
166 90.9
167 91
168 91.1
169 91.1667
170 91.2333
171 91.3667
172 91.5333
173 91.5667
174 91.6333
175 91.7
176 91.8
177 91.9
178 91.9667
179 92.0333
180 92.0667
181 92.0667
182 92.2333
183 92.3333
184 92.4
185 92.4667
186 92.4667
187 92.5667
188 92.6333
189 92.7333
190 92.8
191 92.8333
192 92.9333
193 93
194 93.0333
195 93.1333
196 93.2
197 93.2
198 93.3333
199 93.4333
200 93.4333
201 93.5
202 93.5333
203 93.5667
204 93.6333
205 93.6667
206 93.7333
207 93.8
208 93.8333
209 93.8333
210 93.8333
211 93.8667
212 93.9
213 93.9667
214 94
215 94.0667
216 94.0667
217 94.1
218 94.1333
219 94.2333
220 94.3
221 94.3333
222 94.4
223 94.4333
224 94.5333
225 94.6
226 94.6
227 94.6333
228 94.6667
229 94.6667
230 94.6667
231 94.7
232 94.7667
233 94.8667
234 94.9333
235 94.9667
236 95
237 95.0333
238 95.1
239 95.1333
240 95.2333
241 95.2333
242 95.2667
243 95.3333
244 95.4
245 95.4
246 95.4
247 95.4
248 95.5
249 95.5333
250 95.5333
251 95.6333
252 95.6667
253 95.7667
254 95.9
255 95.9333
256 95.9667
257 96
258 96.0333
259 96.0667
260 96.1667
261 96.2
262 96.2333
263 96.2333
264 96.2667
265 96.2667
266 96.3
267 96.3
268 96.3
269 96.3667
270 96.4
271 96.4333
272 96.4667
273 96.5
274 96.5333
275 96.6
276 96.6667
277 96.7
278 96.8
279 96.8333
280 96.8667
281 96.9
282 96.9
283 96.9
284 96.9333
285 96.9333
286 96.9667
287 97
288 97
289 97.0333
290 97.1
291 97.1
292 97.1
293 97.1333
294 97.1667
295 97.1667
296 97.2667
297 97.2667
298 97.3
299 97.3
300 97.3
301 97.3333
302 97.3667
303 97.3667
304 97.4333
305 97.4667
306 97.5
307 97.5
308 97.5
309 97.5333
310 97.6667
311 97.6667
312 97.6667
313 97.7333
314 97.8
315 97.8333
316 97.8333
317 97.8667
318 97.8667
319 97.8667
320 97.9
321 97.9
322 97.9
323 97.9
324 97.9333
325 97.9333
326 97.9333
327 97.9333
328 97.9333
329 97.9333
330 97.9333
331 97.9667
332 98
333 98.0333
334 98.0333
335 98.0667
336 98.0667
337 98.0667
338 98.1
339 98.1333
340 98.1333
341 98.1667
342 98.1667
343 98.1667
344 98.1667
345 98.1667
346 98.1667
347 98.1667
348 98.2
349 98.2333
350 98.2333
351 98.2333
352 98.2667
353 98.2667
354 98.2667
355 98.2667
356 98.3
357 98.3
358 98.3333
359 98.3667
360 98.3667
361 98.3667
362 98.3667
363 98.4
364 98.4333
365 98.4667
366 98.4667
367 98.4667
368 98.5667
369 98.6
370 98.6333
371 98.6667
372 98.6667
373 98.7
374 98.7
375 98.7
376 98.7
377 98.7333
378 98.7333
379 98.7333
380 98.7333
381 98.7667
382 98.7667
383 98.8
384 98.8
385 98.8
386 98.8
387 98.8333
388 98.8333
389 98.8333
390 98.9
391 98.9
392 98.9
393 98.9
394 98.9
395 98.9
396 98.9
397 98.9
398 98.9
399 98.9
400 98.9
401 98.9
402 98.9333
403 98.9333
404 98.9667
405 98.9667
406 98.9667
407 99
408 99
409 99
410 99.0333
411 99.0333
412 99.0333
413 99.0333
414 99.0333
415 99.0333
416 99.0333
417 99.0333
418 99.0333
419 99.0333
420 99.0333
421 99.0667
422 99.0667
423 99.0667
424 99.0667
425 99.0667
426 99.0667
427 99.0667
428 99.0667
429 99.0667
430 99.0667
431 99.0667
432 99.0667
433 99.0667
434 99.0667
435 99.0667
436 99.0667
437 99.0667
438 99.1
439 99.1
440 99.1333
441 99.1667
442 99.1667
443 99.1667
444 99.2
445 99.2
446 99.2333
447 99.2333
448 99.2333
449 99.2333
450 99.2333
451 99.2333
452 99.2667
453 99.2667
454 99.2667
455 99.3
456 99.3
457 99.3
458 99.3
459 99.3333
460 99.3333
461 99.3333
462 99.3333
463 99.3333
464 99.3333
465 99.3333
466 99.3333
467 99.3333
468 99.3333
469 99.3333
470 99.3333
471 99.3333
472 99.3333
473 99.3333
474 99.3333
475 99.3333
476 99.3667
477 99.3667
478 99.3667
479 99.3667
480 99.3667
481 99.3667
482 99.3667
483 99.3667
484 99.3667
485 99.3667
486 99.3667
487 99.3667
488 99.3667
489 99.3667
490 99.3667
491 99.4333
492 99.4333
493 99.4333
494 99.4333
495 99.4333
496 99.4333
497 99.4333
498 99.4333
499 99.4667
500 99.4667
501 99.4667
502 99.4667
503 99.4667
504 99.4667
505 99.4667
506 99.5
507 99.5
508 99.5
509 99.5
510 99.5
511 99.5
512 99.5
513 99.5
514 99.5
515 99.5
516 99.5
517 99.5
518 99.5
519 99.5
520 99.5
521 99.5
522 99.5
523 99.5
524 99.5
525 99.5333
526 99.5333
527 99.5333
528 99.5333
529 99.5333
530 99.5333
531 99.5667
532 99.5667
533 99.5667
534 99.6
535 99.6
536 99.6
537 99.6
538 99.6
539 99.6
540 99.6
541 99.6
542 99.6
543 99.6
544 99.6667
545 99.6667
546 99.6667
547 99.6667
548 99.7
549 99.7
550 99.7
551 99.7
552 99.7
553 99.7
554 99.7
555 99.7
556 99.7
557 99.7
558 99.7
559 99.7
560 99.7
561 99.7
562 99.7
563 99.7
564 99.7
565 99.7
566 99.7
567 99.7
568 99.7
569 99.7
570 99.7
571 99.7
572 99.7
573 99.7
574 99.7
575 99.7
576 99.7333
577 99.7333
578 99.7333
579 99.7667
580 99.7667
581 99.7667
582 99.7667
583 99.7667
584 99.7667
585 99.8
586 99.8
587 99.8
588 99.8333
589 99.8333
590 99.8333
591 99.8333
592 99.8333
593 99.8333
594 99.8333
595 99.8333
596 99.8333
597 99.8333
598 99.8333
599 99.8333
600 99.8333
601 99.8333
602 99.8333
603 99.8333
604 99.8333
605 99.8333
606 99.8333
607 99.8333
608 99.8333
609 99.8333
610 99.8333
611 99.8333
612 99.8333
613 99.8333
614 99.8333
615 99.8333
616 99.8333
617 99.8333
618 99.8333
619 99.8333
620 99.8333
621 99.8333
622 99.8333
623 99.8333
624 99.8333
625 99.8333
626 99.8333
627 99.8333
628 99.8333
629 99.8333
630 99.8333
631 99.8333
632 99.8333
633 99.8333
634 99.8333
635 99.8333
636 99.8333
637 99.8333
638 99.8333
639 99.8333
640 99.8333
641 99.8333
642 99.8333
643 99.8667
644 99.8667
645 99.8667
646 99.8667
647 99.8667
648 99.8667
649 99.8667
650 99.8667
651 99.8667
652 99.8667
653 99.8667
654 99.8667
655 99.8667
656 99.8667
657 99.8667
658 99.8667
659 99.8667
660 99.8667
661 99.8667
662 99.8667
663 99.8667
664 99.8667
665 99.8667
666 99.8667
667 99.8667
668 99.8667
669 99.8667
670 99.8667
671 99.8667
672 99.8667
673 99.8667
674 99.8667
675 99.8667
676 99.8667
677 99.8667
678 99.8667
679 99.8667
680 99.8667
681 99.8667
682 99.8667
683 99.8667
684 99.9
685 99.9
686 99.9
687 99.9
688 99.9
689 99.9
690 99.9
691 99.9
692 99.9
693 99.9
694 99.9
695 99.9
696 99.9
697 99.9
698 99.9
699 99.9
700 99.9
701 99.9
702 99.9
703 99.9
704 99.9
705 99.9
706 99.9
707 99.9
708 99.9
709 99.9
710 99.9
711 99.9
712 99.9
713 99.9
714 99.9
715 99.9
716 99.9
717 99.9
718 99.9
719 99.9
720 99.9
721 99.9
722 99.9
723 99.9
724 99.9
725 99.9
726 99.9
727 99.9
728 99.9
729 99.9
730 99.9
731 99.9
732 99.9
733 99.9
734 99.9
735 99.9
736 99.9
737 99.9
738 99.9
739 99.9
740 99.9
741 99.9
742 99.9
743 99.9
744 99.9
745 99.9
746 99.9
747 99.9
748 99.9
749 99.9
750 99.9
751 99.9
752 99.9
753 99.9
754 99.9
755 99.9
756 99.9
757 99.9
758 99.9
759 99.9
760 99.9
761 99.9
762 99.9
763 99.9
764 99.9
765 99.9
766 99.9
767 99.9
768 99.9
769 99.9
770 99.9
771 99.9
772 99.9
773 99.9
774 99.9
775 99.9
776 99.9
777 99.9
778 99.9
779 99.9
780 99.9
781 99.9
782 99.9
783 99.9
784 99.9
785 99.9
786 99.9
787 99.9
788 99.9
789 99.9333
790 99.9333
791 99.9333
792 99.9333
793 99.9333
794 99.9333
795 99.9333
796 99.9333
797 99.9333
798 99.9333
799 99.9333
800 99.9667
801 99.9667
802 99.9667
803 99.9667
804 99.9667
805 99.9667
806 99.9667
807 99.9667
808 99.9667
809 99.9667
810 99.9667
811 99.9667
812 99.9667
813 99.9667
814 99.9667
815 99.9667
816 99.9667
817 99.9667
818 99.9667
819 99.9667
820 99.9667
821 99.9667
822 99.9667
823 99.9667
824 99.9667
825 99.9667
826 99.9667
827 99.9667
828 99.9667
829 99.9667
830 100
831 100
832 100
833 100
834 100
835 100
836 100
837 100
838 100
839 100
840 100
841 100
842 100
843 100
844 100
845 100
846 100
847 100
848 100
849 100
850 100
851 100
852 100
853 100
854 100
855 100
856 100
857 100
858 100
859 100
860 100
861 100
862 100
863 100
864 100
865 100
866 100
867 100
868 100
869 100
870 100
871 100
872 100
873 100
874 100
875 100
876 100
877 100
878 100
879 100
880 100
881 100
882 100
883 100
884 100
885 100
886 100
887 100
888 100
889 100
890 100
891 100
892 100
893 100
894 100
895 100
896 100
897 100
898 100
899 100
900 100
901 100
902 100
903 100
904 100
905 100
906 100
907 100
908 100
909 100
910 100
911 100
912 100
913 100
914 100
915 100
916 100
917 100
918 100
919 100
920 100
921 100
922 100
923 100
924 100
925 100
926 100
927 100
928 100
929 100
930 100
931 100
932 100
933 100
934 100
935 100
936 100
937 100
938 100
939 100
940 100
941 100
942 100
943 100
944 100
945 100
946 100
947 100
948 100
949 100
950 100
951 100
952 100
953 100
954 100
955 100
956 100
957 100
958 100
959 100
960 100
961 100
962 100
963 100
964 100
965 100
966 100
967 100
968 100
969 100
970 100
971 100
972 100
973 100
974 100
975 100
976 100
977 100
978 100
979 100
980 100
981 100
982 100
983 100
984 100
985 100
986 100
987 100
988 100
989 100
990 100
991 100
992 100
993 100
994 100
995 100
996 100
997 100
998 100
999 100
1000 100
