1 45
2 46
3 47
4 47
5 47
6 48
7 49
8 50
9 51
10 51
11 52
12 52
13 52
14 53
15 53
16 53
17 54
18 55
19 56
20 56
21 56
22 56
23 57
24 57
25 57
26 58
27 58
28 59
29 59
30 60
31 60
32 61
33 61
34 61
35 61
36 61
37 61
38 61
39 61
40 61
41 62
42 63
43 64
44 65
45 66
46 66
47 66
48 67
49 67
50 68
51 69
52 69
53 69
54 69
55 70
56 70
57 71
58 71
59 72
60 72
61 72
62 72
63 72
64 72
65 72
66 72
67 72
68 72
69 72
70 72
71 72
72 72
73 72
74 72
75 72
76 72
77 73
78 73
79 73
80 74
81 74
82 74
83 74
84 75
85 76
86 76
87 76
88 76
89 76
90 76
91 77
92 77
93 77
94 77
95 77
96 77
97 77
98 77
99 78
100 78
101 79
102 79
103 79
104 79
105 79
106 79
107 79
108 79
109 79
110 79
111 79
112 79
113 79
114 79
115 79
116 79
117 80
118 80
119 80
120 80
121 80
122 80
123 80
124 80
125 80
126 81
127 81
128 81
129 81
130 81
131 81
132 81
133 81
134 81
135 81
136 81
137 82
138 82
139 82
140 82
141 82
142 82
143 83
144 84
145 84
146 84
147 84
148 84
149 84
150 84
151 85
152 86
153 86
154 86
155 87
156 87
157 87
158 87
159 87
160 88
161 88
162 88
163 88
164 89
165 90
166 90
167 90
168 90
169 90
170 90
171 90
172 90
173 90
174 90
175 90
176 90
177 90
178 90
179 90
180 90
181 90
182 90
183 90
184 90
185 90
186 90
187 90
188 90
189 90
190 90
191 90
192 91
193 91
194 91
195 91
196 92
197 92
198 92
199 92
200 92
201 93
202 93
203 93
204 93
205 93
206 93
207 93
208 93
209 93
210 93
211 93
212 93
213 93
214 93
215 93
216 93
217 93
218 93
219 93
220 93
221 93
222 93
223 93
224 93
225 93
226 93
227 93
228 93
229 93
230 93
231 93
232 93
233 93
234 93
235 93
236 93
237 93
238 93
239 93
240 93
241 93
242 93
243 93
244 94
245 94
246 94
247 94
248 94
249 94
250 94
251 94
252 94
253 94
254 94
255 94
256 94
257 94
258 94
259 94
260 94
261 94
262 94
263 94
264 94
265 94
266 94
267 94
268 94
269 94
270 94
271 94
272 94
273 95
274 95
275 95
276 95
277 96
278 96
279 96
280 96
281 96
282 96
283 96
284 96
285 96
286 96
287 96
288 96
289 96
290 96
291 96
292 96
293 96
294 96
295 96
296 96
297 96
298 96
299 96
300 96
301 96
302 96
303 96
304 96
305 96
306 96
307 96
308 96
309 96
310 96
311 96
312 96
313 96
314 96
315 96
316 96
317 96
318 96
319 96
320 96
321 96
322 96
323 96
324 96
325 96
326 96
327 96
328 96
329 96
330 96
331 96
332 96
333 96
334 96
335 96
336 96
337 96
338 96
339 96
340 96
341 96
342 96
343 96
344 96
345 96
346 96
347 96
348 96
349 96
350 96
351 96
352 96
353 96
354 96
355 96
356 96
357 96
358 96
359 96
360 96
361 96
362 96
363 96
364 96
365 96
366 96
367 96
368 96
369 96
370 96
371 97
372 97
373 97
374 97
375 97
376 97
377 97
378 97
379 97
380 97
381 97
382 97
383 97
384 97
385 97
386 97
387 97
388 97
389 97
390 97
391 97
392 97
393 97
394 97
395 97
396 97
397 97
398 97
399 97
400 97
401 97
402 97
403 97
404 97
405 97
406 97
407 98
408 98
409 98
410 98
411 98
412 98
413 98
414 98
415 98
416 98
417 98
418 98
419 98
420 98
421 98
422 98
423 98
424 98
425 98
426 98
427 98
428 98
429 98
430 98
431 98
432 98
433 98
434 98
435 98
436 98
437 98
438 98
439 98
440 98
441 98
442 98
443 98
444 98
445 98
446 98
447 98
448 98
449 98
450 98
451 98
452 98
453 98
454 98
455 98
456 98
457 98
458 98
459 98
460 98
461 98
462 98
463 98
464 98
465 98
466 98
467 98
468 98
469 98
470 98
471 98
472 98
473 98
474 98
475 98
476 98
477 98
478 98
479 98
480 98
481 98
482 98
483 98
484 98
485 98
486 98
487 98
488 98
489 98
490 98
491 99
492 99
493 99
494 99
495 99
496 99
497 99
498 99
499 99
500 99
501 99
502 99
503 99
504 99
505 99
506 99
507 99
508 99
509 99
510 99
511 99
512 99
513 99
514 99
515 99
516 99
517 99
518 99
519 99
520 99
521 99
522 99
523 99
524 99
525 99
526 99
527 99
528 99
529 99
530 99
531 100
532 100
533 100
534 100
535 100
536 100
537 100
538 100
539 100
540 100
541 100
542 100
543 100
544 100
545 100
546 100
547 100
548 100
549 100
550 100
551 100
552 100
553 100
554 100
555 100
556 100
557 100
558 100
559 100
560 100
561 100
562 100
563 100
564 100
565 100
566 100
567 100
568 100
569 100
570 100
571 100
572 100
573 100
574 100
575 100
576 100
577 100
578 100
579 100
580 100
581 100
582 100
583 100
584 100
585 100
586 100
587 100
588 100
589 100
590 100
591 100
592 100
593 100
594 100
595 100
596 100
597 100
598 100
599 100
600 100
601 100
602 100
603 100
604 100
605 100
606 100
607 100
608 100
609 100
610 100
611 100
612 100
613 100
614 100
615 100
616 100
617 100
618 100
619 100
620 100
621 100
622 100
623 100
624 100
625 100
626 100
627 100
628 100
629 100
630 100
631 100
632 100
633 100
634 100
635 100
636 100
637 100
638 100
639 100
640 100
641 100
642 100
643 100
644 100
645 100
646 100
647 100
648 100
649 100
650 100
651 100
652 100
653 100
654 100
655 100
656 100
657 100
658 100
659 100
660 100
661 100
662 100
663 100
664 100
665 100
666 100
667 100
668 100
669 100
670 100
671 100
672 100
673 100
674 100
675 100
676 100
677 100
678 100
679 100
680 100
681 100
682 100
683 100
684 100
685 100
686 100
687 100
688 100
689 100
690 100
691 100
692 100
693 100
694 100
695 100
696 100
697 100
698 100
699 100
700 100
701 100
702 100
703 100
704 100
705 100
706 100
707 100
708 100
709 100
710 100
711 100
712 100
713 100
714 100
715 100
716 100
717 100
718 100
719 100
720 100
721 100
722 100
723 100
724 100
725 100
726 100
727 100
728 100
729 100
730 100
731 100
732 100
733 100
734 100
735 100
736 100
737 100
738 100
739 100
740 100
741 100
742 100
743 100
744 100
745 100
746 100
747 100
748 100
749 100
750 100
751 100
752 100
753 100
754 100
755 100
756 100
757 100
758 100
759 100
760 100
761 100
762 100
763 100
764 100
765 100
766 100
767 100
768 100
769 100
770 100
771 100
772 100
773 100
774 100
775 100
776 100
777 100
778 100
779 100
780 100
781 100
782 100
783 100
784 100
785 100
786 100
787 100
788 100
789 100
790 100
791 100
792 100
793 100
794 100
795 100
796 100
797 100
798 100
799 100
800 100
801 100
802 100
803 100
804 100
805 100
806 100
807 100
808 100
809 100
810 100
811 100
812 100
813 100
814 100
815 100
816 100
817 100
818 100
819 100
820 100
821 100
822 100
823 100
824 100
825 100
826 100
827 100
828 100
829 100
830 100
831 100
832 100
833 100
834 100
835 100
836 100
837 100
838 100
839 100
840 100
841 100
842 100
843 100
844 100
845 100
846 100
847 100
848 100
849 100
850 100
851 100
852 100
853 100
854 100
855 100
856 100
857 100
858 100
859 100
860 100
861 100
862 100
863 100
864 100
865 100
866 100
867 100
868 100
869 100
870 100
871 100
872 100
873 100
874 100
875 100
876 100
877 100
878 100
879 100
880 100
881 100
882 100
883 100
884 100
885 100
886 100
887 100
888 100
889 100
890 100
891 100
892 100
893 100
894 100
895 100
896 100
897 100
898 100
899 100
900 100
901 100
902 100
903 100
904 100
905 100
906 100
907 100
908 100
909 100
910 100
911 100
912 100
913 100
914 100
915 100
916 100
917 100
918 100
919 100
920 100
921 100
922 100
923 100
924 100
925 100
926 100
927 100
928 100
929 100
930 100
931 100
932 100
933 100
934 100
935 100
936 100
937 100
938 100
939 100
940 100
941 100
942 100
943 100
944 100
945 100
946 100
947 100
948 100
949 100
950 100
951 100
952 100
953 100
954 100
955 100
956 100
957 100
958 100
959 100
960 100
961 100
962 100
963 100
964 100
965 100
966 100
967 100
968 100
969 100
970 100
971 100
972 100
973 100
974 100
975 100
976 100
977 100
978 100
979 100
980 100
981 100
982 100
983 100
984 100
985 100
986 100
987 100
988 100
989 100
990 100
991 100
992 100
993 100
994 100
995 100
996 100
997 100
998 100
999 100
1000 100
